d1	GeneSymbol	Case1	Case2	Case3	control1	control2	control3
d2	ABCG5	7.7519445	8.046951	8.07959	8.106014	8.463747	8.44836
d3	ABHD12B	5.575534	6.0174522	5.435674	6.086134	6.2273045	6.2159424
d4	ABHD17B	5.0795217	5.039056	4.7798367	5.198847	5.6970973	5.3101954
d5	ACP5	4.1357975	3.744669	3.5554926	4.5298305	4.3391566	4.0969095
d6	ADSL	9.021886	8.864957	9.08198	9.259976	9.726456	9.625003
d7	AHCY	9.234507	8.884609	8.993288	9.23253	9.607624	9.619509
d8	AK9	4.060093	4.5660625	4.0223866	4.6453824	4.6633415	4.804333
d9	AKAP1	11.421127	11.741391	11.4749565	11.681766	12.039542	12.091836
d10	AKR1B10	3.4742868	3.6554897	3.154123	3.8906891	3.889697	3.9556103
d11	AP3M2	4.729962	5.2110457	5.0246224	5.536989	5.5501733	5.323321
d12	APOBEC3F	3.776463	3.5877557	3.2788775	3.838715	3.9747734	4.0351715
d13	ARHGEF5	2.2324789	2.7835236	2.520399	2.8533978	2.9527762	3.0820005
d14	ARMC12	2.5832088	2.6413405	2.437302	3.1177993	2.991965	2.9259384
d15	ATAD3C	4.3423223	4.7484145	4.6536446	4.9808297	4.8938	5.105481
d16	ATF7IP2	4.040312	3.8291585	3.797579	4.407731	4.580654	4.2105203
d17	ATP6V1E1	9.135903	9.209316	9.475453	9.613806	9.827014	9.685938
d18	AZU1	5.103137	4.8987193	5.3360033	5.406753	5.711447	5.462341
d19	BAG1	8.643384	8.74765	8.435972	8.7818775	9.1586685	9.143587
d20	BANP	7.1908274	7.2568445	6.873867	7.3941793	7.579213	7.7414675
d21	BCL2	7.6817155	7.4588065	7.2172737	8.196235	7.8361464	7.782578
d22	BDP1	6.4110384	6.3718762	6.1676874	6.9283266	6.589536	6.6694775
d23	BRDT	1.0877544	0.88917583	0.8769493	1.3562865	1.5571153	1.3469725
d24	BSPH1	5.2035623	5.3316326	5.268262	5.5953155	5.895439	5.8479586
d25	C10orf120	4.8934135	4.733072	5.0686836	5.3527684	5.450914	5.229618
d26	C12orf57	9.63334	9.94607	9.953916	10.158688	10.454777	10.271563
d27	C14orf2	9.369315	9.250396	9.204838	9.782337	9.743568	9.643575
d28	C17orf64	1.035266	0.9423355	1.0668173	1.6787215	1.6254065	1.23217
d29	C1orf194	3.7377715	3.839856	3.6493607	4.3002696	4.1468744	4.2836914
d30	CACNG8	5.017848	4.590126	4.763981	5.192063	5.200939	5.2779927
d31	CADM3	3.642443	3.3031306	3.3786523	3.9646177	3.7154324	4.0833197
d32	CALCR	2.6317623	2.8765879	2.1337144	3.0211341	3.179402	3.1293383
d33	CAMK1D	4.305225	4.6908603	4.837841	5.369937	5.006533	5.039611
d34	CC2D1B	5.481018	5.1343765	5.2984295	5.5732927	5.829138	5.875143
d35	CCDC136	5.0180616	5.346739	4.9164734	5.3376117	5.749824	5.666871
d36	CDA	7.250408	7.562389	7.7510653	8.037041	7.8554997	7.85424
d37	CDH18	3.2055397	3.6295872	3.1527874	3.988401	4.0862284	3.613561
d38	CDH3	5.1566105	5.4596	5.253489	5.894875	5.791708	5.5554976
d39	CECR5	8.187452	7.9621687	8.565429	8.662006	8.640179	8.698617
d40	CELF5	7.2838287	7.5249395	7.5608435	7.593422	8.06917	7.898456
d41	CENPQ	6.9458547	6.5736494	6.686747	7.2430983	7.239135	6.959854
d42	CEP89	4.684363	4.4946804	4.8649755	5.040185	5.3530655	4.919766
d43	CEPT1	5.7671213	6.1722183	5.7668357	6.0908737	6.531764	6.6265364
d44	CFAP46	4.4133625	4.290954	4.496599	4.622521	4.978714	4.828597
d45	CHCHD1	7.4626927	7.9211297	7.700551	7.9608054	8.297731	8.095905
d46	CHRDL2	4.0037613	4.0176606	3.8201823	4.594612	4.590753	4.3163056
d47	CLDND2	3.5438435	3.7807736	3.329726	4.1254587	3.773261	3.9726398
d48	CLEC2D	10.404451	10.357243	10.142209	10.44029	10.871603	10.796452
d49	CLLU1OS	4.049324	4.5567417	4.483026	4.763727	5.055835	4.874489
d50	COA3	10.549798	10.671188	10.65319	10.872741	11.158943	11.064112
d51	COMMD8	7.344725	7.373226	7.4846315	7.798834	8.070242	7.571166
d52	COQ9	4.1678824	3.9090414	3.9546394	4.1750584	4.5374393	4.7307568
d53	CYP2F1	3.8033788	3.8380167	3.8772619	4.1659007	4.3648996	4.2937126
d54	DAZAP2	4.933829	5.106189	5.0182543	5.3045135	5.496333	5.6512985
d55	DHCR24	3.4907918	2.8202846	3.457342	3.908753	3.7697725	3.7159026
d56	DHRS1	3.2328854	3.061163	3.00096	3.428377	3.8321342	3.522955
d57	DMPK	4.0288925	4.0473104	4.459428	4.5058193	4.9741583	4.574365
d58	DNASE1L2	3.916028	3.8030648	3.7501047	4.314179	4.012945	4.2953773
d59	DNPEP	8.684783	8.899293	8.802135	9.1703005	9.141765	9.308765
d60	E2F5	4.462887	4.601157	4.569146	4.9054403	5.1581216	4.927995
d61	EBP	6.6259747	7.148216	6.9737234	7.274744	7.5583363	7.4457273
d62	EEF1B2	8.897698	8.804279	9.0271225	9.137865	9.737177	9.511707
d63	EEF1D	10.829114	10.984947	10.847162	11.010947	11.4749565	11.374352
d64	EIF3H	8.918809	8.844932	8.98531	9.197549	9.591759	9.423389
d65	ENTPD1	2.5318604	2.7555928	2.844746	3.1844914	3.383708	3.00188
d66	ESD	8.55863	8.962105	8.563751	9.149218	9.183457	9.039333
d67	ESRRB	8.166636	8.625147	8.37298	8.8840275	8.784967	8.940542
d68	ETV3	3.7521408	3.8964448	3.6596513	4.012412	4.080426	4.5297337
d69	FAM96A	10.739266	10.534344	10.98033	11.136422	11.243457	11.167688
d70	FBF1	4.4806795	4.181513	4.451255	4.596878	5.082947	4.7945566
d71	FGF1	8.971105	8.472512	8.786433	9.085988	9.173016	9.115089
d72	FITM1	9.212641	9.397872	9.520359	9.569674	10.070736	9.860096
d73	FKBP6	3.0141058	2.8682747	3.0088422	3.197613	3.444195	3.5107253
d74	FRG2C	6.6050706	6.7632275	6.7765317	7.1755676	7.079573	7.257664
d75	FYCO1	3.839856	4.082968	4.387894	4.378618	4.7190633	4.768521
d76	GALK1	5.61044	5.60794	5.745872	5.9274483	6.0296907	6.3412123
d77	GCGR	5.3052473	5.8000345	5.623943	5.8985267	6.2664914	6.0015907
d78	GCHFR	4.804001	5.0082784	4.898849	5.270539	5.384944	5.22369
d79	GCM1	6.596543	6.8509207	6.979364	7.249427	7.1336	7.342884
d80	GDPD4	4.5104575	4.5782514	4.602439	5.0617003	5.1116037	5.2012596
d81	GEMIN7	5.858983	5.980367	5.769267	6.040846	6.258957	6.4728622
d82	GIN1	7.1214123	7.860116	7.47942	8.037573	8.101816	8.026065
d83	GLB1L3	4.812917	4.5058923	4.4487886	5.1066575	4.9112663	5.1587157
d84	GLRA1	6.2380867	6.2643356	6.547911	6.726947	6.9179587	6.768437
d85	GPHN	4.7788687	5.167605	5.14847	5.565763	5.596143	5.5915804
d86	HAT1	7.3672767	7.7563014	7.516756	7.93522	8.133738	7.7784386
d87	HEPN1	3.211529	3.0231907	3.1950338	3.5129364	3.5730543	3.5756145
d88	HEY1	5.8888597	5.7664776	5.8233123	6.363703	6.251815	6.06767
d89	HFM1	4.307604	4.3880696	3.9314268	4.4993715	4.8827763	4.9423895
d90	HIP1R	6.257036	6.2122884	6.0968456	6.4567986	6.782434	6.609538
d91	HIST1H4C	2.5334437	2.5304747	2.2867594	2.8942738	3.1719086	2.6735811
d92	HLA-DOA	3.9646177	4.08554	3.8280802	4.602331	4.115528	4.4466057
d93	HN1L	7.146629	7.2755823	6.7980742	7.427606	7.4578342	7.5445323
d94	HPX	3.2485356	3.0852904	3.7018452	3.7530758	4.097894	3.906652
d95	ICAM5	8.442776	8.569688	8.585552	8.648325	9.151016	9.151464
d96	IDH3A	11.072432	11.331192	11.215014	11.861975	11.41897	11.734276
d97	IGDCC3	5.1401644	4.9523416	5.048672	5.352647	5.4721565	5.534306
d98	IGFALS	5.7332935	5.7033486	5.653079	6.1519275	6.4911776	6.1350307
d99	IL19	5.643535	5.1850343	5.6559196	6.0174522	5.952504	6.127371
d100	IMPA1	5.828609	5.9420853	5.880542	6.5307903	6.2880993	6.1323156
d101	INHBE	7.7968006	8.234379	8.080991	8.250781	8.589704	8.606937
d102	IQGAP2	4.0224566	4.3690066	4.5863104	4.6097546	5.080282	4.978546
d103	ITGAX	8.112029	8.294359	8.414655	8.445936	8.826045	8.828854
d104	ITIH1	6.159031	5.69559	6.227809	6.394325	6.634256	6.767024
d105	JOSD2	5.252669	4.9828944	4.8535805	5.533159	5.3144045	5.3878894
d106	KIF17	7.0202427	7.0498567	7.3382306	7.4010973	7.915322	7.7890563
d107	KLK8	4.5836496	4.3310723	4.3551526	4.8359194	4.9484587	4.981317
d108	KRT71	5.7469044	5.8683696	5.7529135	6.0702677	6.391656	6.238138
d109	KRTAP19-7	4.5797467	4.4237556	4.839778	5.0698514	5.0465193	4.935845
d110	KRTAP29-1	5.4272046	5.063109	4.837556	5.44699	5.685643	5.6838446
d111	KRTAP5-9	6.4632764	6.6880174	6.556862	6.844599	7.16137	6.970128
d112	L3MBTL2	8.10121	7.921587	7.8734646	8.133122	8.372481	8.531698
d113	LETM2	6.927036	7.0245237	7.135125	7.2583675	7.6248546	7.421906
d114	LILRA2	4.519326	4.140495	4.0988564	4.662834	4.56221	5.1648397
d115	LILRA5	4.9258957	5.08229	4.938029	5.6658344	5.2264886	5.471365
d116	LOC100132481	7.657763	7.934534	7.819317	7.99876	8.362591	8.289312
d117	LOC101928898	3.5044165	3.7193365	3.901448	4.051424	4.348889	4.192645
d118	LOC403312	2.1787052	2.04627	2.10368	2.6313725	2.6397843	2.205292
d119	LOC728763	5.0875535	5.3052473	4.8869495	5.3535275	5.705382	5.708264
d120	MAMDC4	6.5258694	6.652643	6.712576	6.8527074	7.3853426	7.053939
d121	MED8	6.329605	5.9513974	5.907436	6.3111925	6.4483724	6.5859127
d122	MFF	7.805182	8.2354355	8.150911	8.368637	8.630917	8.599562
d123	MLF1	9.222533	9.1755905	9.151464	9.78026	9.589492	9.720842
d124	MRPS34	8.643165	8.742775	8.768079	8.892813	9.239941	9.209878
d125	MT1G	4.933239	5.1715326	5.2193003	5.366929	5.6067214	5.712042
d126	MTMR8	4.7791066	4.7253437	4.5459146	4.890383	5.1684337	5.265696
d127	MUC3	6.6944475	7.042493	6.9266176	7.3775992	7.5542746	7.0931196
d128	MYBPHL	3.090109	3.6229968	3.2403302	3.8366654	3.7189236	3.6936293
d129	MYOM1	13.000397	13.170439	13.341022	13.299606	13.846709	13.807322
d130	NAGK	8.471787	8.272351	8.1341715	8.577916	8.87057	8.686388
d131	NCAN	4.5002394	4.4288077	4.601515	4.9010444	4.9167585	4.8624835
d132	NDRG4	10.897528	10.857184	10.917863	11.135165	11.274818	11.4385195
d133	NDUFA6	10.510345	10.887941	10.837269	11.152843	11.242594	11.016278
d134	NDUFAF4	10.084807	10.393501	10.4742985	10.763095	10.633925	10.728433
d135	NHEJ1	5.2622194	5.2063117	5.23297	5.38332	5.773752	5.942684
d136	NHP2L1	9.895454	9.867363	9.993161	10.140496	10.485138	10.381339
d137	NIPSNAP3A	7.9603424	8.004265	7.7888784	8.38685	8.558158	8.207135
d138	NIT1	6.5498624	6.306409	6.4706717	6.614106	6.959983	6.920945
d139	NMNAT3	4.1473203	4.1263547	4.640784	4.8637223	5.138869	4.5798445
d140	NOP16	5.983418	6.535567	6.0987215	6.8078876	6.498612	6.673783
d141	NPM1	10.246211	10.217901	10.064649	10.336144	10.726678	10.709467
d142	NR6A1	7.7223897	7.885388	7.9603424	8.180541	8.255487	8.420942
d143	NXF2	5.6238766	5.662959	5.720592	5.9499993	6.2737255	6.201645
d144	OMA1	8.694257	8.892578	9.3082	9.317144	9.538117	9.517221
d145	OOEP	3.3301713	3.043722	3.3675563	3.9469447	3.5032895	3.7328897
d146	OR10G4	4.627554	4.984619	4.7525	5.4044104	5.2686024	5.1324735
d147	OR13C5	1.3632473	1.7041166	1.5085914	2.1301706	1.9241143	1.8183031
d148	OR14C36	0.91917604	1.0038582	0.9496373	1.5391258	1.5065243	1.3392013
d149	OR1A2	2.8467772	3.0902638	3.003588	3.3698642	3.206397	3.665355
d150	OR2F2	3.8141894	3.5544481	3.722065	4.1846523	4.146952	4.2489567
d151	OR2T4	3.810177	4.118931	3.9647553	4.4875016	4.44973	4.6037583
d152	OR4A15	7.164437	7.405362	7.2492876	7.4368696	7.841916	7.8186846
d153	OR5M11	3.3270168	3.095164	2.9384673	3.7373605	3.5135865	3.555678
d154	OR7A17	4.327816	4.463119	3.9722066	4.6911817	4.6009765	4.6809907
d155	OR8B3	5.7342315	5.799824	5.930354	5.9807544	6.2382627	6.4458423
d156	ORMDL2	4.4447117	4.607568	4.793864	4.9102716	5.2603326	4.999033
d157	OTP	2.8669653	3.2874544	2.9990766	3.5394418	3.4809318	3.434935
d158	PARM1	8.706827	8.23055	8.380055	8.710965	8.905929	9.104263
d159	PCK2	6.2198725	5.79238	6.2451816	6.580589	6.679522	6.539377
d160	PCNXL2	3.106605	2.9991856	3.5301738	3.6427996	3.6815555	3.986344
d161	PDCD10	6.4012394	6.7491617	6.5573716	6.9495215	7.082745	6.869376
d162	PFDN5	9.342302	9.619327	9.325938	9.7355795	9.92777	9.781686
d163	PGC	3.817494	3.849667	4.365344	4.2889447	4.565494	4.663452
d164	PIGM	3.0878491	3.7702675	3.4076736	3.9448156	4.0207605	3.8925056
d165	PIK3C2G	3.4231834	3.4785824	3.2770875	3.6842263	3.9205592	3.9570594
d166	PKP1	5.349992	5.3464274	5.534888	5.9214196	5.866906	5.931706
d167	PLAC1	4.618334	4.391545	4.05738	4.89014	5.0092945	4.7320886
d168	PLEKHJ1	7.552582	7.8970404	7.763319	8.065876	8.2450485	8.115886
d169	POLR3D	6.741354	6.339923	6.4898524	6.8435335	7.052287	6.9768457
d170	PPAN-P2RY11	3.7573013	3.5506592	3.9646826	4.1026006	4.25049	4.2775755
d171	PPARA	7.895222	8.02389	7.9475174	8.335683	8.334885	8.567198
d172	PPP2R3C	8.405621	8.241609	8.4876795	8.60568	8.838533	8.881992
d173	PPP4R2	9.777414	9.588289	9.466653	9.860096	10.237757	9.9516945
d174	PRDM1	3.0819175	2.991355	2.926921	3.1528091	3.4317164	3.5534024
d175	PREB	3.0504208	3.386004	3.2681894	3.7624621	3.5023293	3.77428
d176	PRSS22	4.761194	4.710127	5.086698	5.4814506	5.2255726	5.065532
d177	PSG8	3.405926	3.953493	3.6428394	4.0185604	4.0535693	4.131441
d178	PSMB10	7.228212	7.427255	7.3925056	7.874374	7.709339	7.8280497
d179	PVR	9.449991	9.347913	9.680477	10.074358	10.018452	10.1123705
d180	QTRT1	6.558047	6.534629	6.6836343	6.9849234	7.0414343	7.0459466
d181	RAB27A	6.7130213	6.517899	6.3839083	7.0870185	6.725425	7.2244434
d182	RABL2B	3.2408438	3.034044	3.278005	3.735113	3.7660565	3.406588
d183	RAD23A	4.211912	4.4280677	4.2278647	4.797531	4.65874	4.88052
d184	REG1A	4.8291855	5.3516	5.247543	5.576284	5.757339	5.724789
d185	RFX8	3.5583608	3.7594562	3.7615438	4.314045	4.0746207	4.230224
d186	RILP	9.468489	9.374536	9.653154	9.740452	10.114944	10.193151
d187	RIPK3	4.4984813	3.9200683	4.3100595	5.0207443	4.6265125	4.6129713
d188	RNASE2	1.3970199	1.7331239	1.3451877	2.1615784	1.9980087	1.9538702
d189	RNF167	5.6384535	6.121879	5.7927613	6.2282267	6.4140224	6.467749
d190	RNF220	7.585609	7.902342	7.8184485	7.9807453	8.34352	8.204129
d191	RNF5	10.862709	11.112362	10.957878	11.213215	11.5417595	11.391156
d192	RPAIN	8.128777	7.963515	7.6233115	8.181766	8.555175	8.31432
d193	RPL10	14.28566	14.178859	13.964905	14.379213	14.589629	14.825097
d194	RPL10L	12.925514	12.839813	12.721929	13.053961	13.381281	13.554543
d195	RPL17	10.144901	9.847847	9.756784	10.203341	10.51218	10.428587
d196	RPL21	9.577244	10.018452	9.626566	10.039879	10.389898	10.369176
d197	RPL26	12.000561	12.202781	11.722508	12.222025	12.707825	12.637218
d198	RPL27	9.304327	9.418047	9.193443	9.512699	9.904683	9.876158
d199	RPL27A	4.6911817	4.7770734	4.5154405	5.1735635	5.169513	5.1038427
d200	RPL29	12.381998	12.444903	12.029295	12.489116	12.853625	12.884331
d201	RPL31	11.94533	12.158605	11.669398	12.142276	12.51801	12.421616
d202	RPL34	11.986751	12.304987	11.87555	12.320522	12.729493	12.666132
d203	RPL35	10.728433	11.143143	10.629422	11.163426	11.417973	11.437008
d204	RPL39	9.088157	9.371088	8.863815	9.368131	9.792889	9.704675
d205	RPL7	9.471789	9.652946	9.127939	9.764841	10.158688	10.034809
d206	RPS14	11.450839	11.3890295	11.3150625	11.584024	12.191986	12.000561
d207	RPS15A	5.9019904	5.9703765	5.9672303	6.2791486	6.475392	6.2261324
d208	RPS24	12.697629	12.625264	12.266723	12.842118	13.220218	13.157537
d209	RPS27A	11.104809	11.185519	10.922819	11.224891	11.7239275	11.623568
d210	RPS28	15.136153	15.063871	14.994346	15.246353	15.818034	15.573435
d211	RPS29	12.158507	12.469227	12.035923	12.453071	12.953438	12.953438
d212	RPS6KA1	1.9686332	1.8297734	2.476488	2.4620907	2.8901336	2.6073163
d213	RPS7	12.047237	12.219811	11.709913	12.229504	12.610693	12.500608
d214	RSL1D1	9.244818	9.524305	9.427031	9.628316	9.943286	9.819007
d215	RSL24D1	7.581596	7.868501	7.465925	7.8587027	8.260943	8.245587
d216	RTP5	3.0858974	2.837804	2.8015146	3.4077275	3.2494402	3.2467842
d217	RUNX2	5.5064626	5.38232	5.439503	5.960383	6.060773	5.627759
d218	SAMM50	3.3586001	3.2895458	3.1463149	3.5552974	3.7987494	3.5874796
d219	SBNO2	5.547828	5.7071495	5.493222	6.0805516	5.70496	6.1381197
d220	SDHB	10.101713	10.314975	10.395135	10.735036	10.571922	10.6578245
d221	SERPINB11	4.465041	4.5833178	4.6332464	4.9914494	4.921268	4.9516993
d222	SIRPB2	5.60751	5.6639786	5.586912	5.7746806	6.274123	6.1638794
d223	SIRPD	6.2007113	6.0925694	6.552003	6.577187	7.037685	6.9612093
d224	SKOR2	4.161392	4.3931713	4.2461605	4.6240554	5.004594	4.918928
d225	SLC18A1	4.26401	4.496516	4.406892	4.6548004	4.881072	4.957512
d226	SLC22A23	8.11029	8.100513	8.389882	8.453821	8.693282	8.664141
d227	SLC22A24	3.3794181	3.4662695	3.5301144	3.94927	4.067961	3.8631098
d228	SLC25A42	6.0732217	6.346505	6.5839996	6.746125	6.7256184	6.755153
d229	SLC27A3	3.3594103	3.6418962	3.7806034	3.963626	4.3010855	4.2024918
d230	SLC35G5	4.001746	4.3258424	4.201327	4.5194645	4.8273997	4.8059015
d231	SMCP	4.42799	4.485254	4.4563527	5.022251	5.026086	4.7351985
d232	SNAPC5	7.8196626	8.379028	8.159888	8.370815	8.780432	8.693282
d233	SNORA2A	3.8137076	4.0235953	3.8406937	4.823396	4.2072353	4.3345237
d234	SPACA5	5.2071395	5.2854495	5.3064775	5.625269	5.643931	5.7891073
d235	SPRED3	7.781806	7.8136005	8.116961	8.173854	8.588099	8.687478
d236	SRRM3	5.6101236	5.7913475	5.832307	6.3185954	6.0100718	6.125836
d237	SSNA1	8.7364025	9.117006	8.895393	9.127939	9.563601	9.483547
d238	STAB1	6.165666	5.476477	5.7209153	6.1583495	6.481818	6.3173275
d239	SYS1	6.2152185	6.2857203	6.310014	6.7223616	6.5566497	6.765088
d240	TAL2	4.3590684	4.5211124	4.60958	5.028812	5.1815906	4.6814785
d241	TAS1R3	3.9360979	3.842639	3.9078662	4.1718307	4.5615067	4.5455503
d242	TDRD10	8.022004	8.02714	8.0915785	8.414759	8.439918	8.428608
d243	TFAP2C	3.7097883	3.164441	3.1928186	3.9236052	3.8025544	3.8043394
d244	THAP7	5.648185	5.499264	5.467987	5.8773055	5.995936	6.0557613
d245	TKTL1	7.641258	7.5962486	7.8464828	8.067299	8.433572	8.195265
d246	TM4SF4	3.5719957	3.6504564	4.2535353	4.4322524	4.3347096	4.3402076
d247	TMEM114	6.035941	6.3566623	6.109007	6.4441295	6.570274	6.893456
d248	TMEM126B	9.057152	9.155005	9.279204	9.487136	9.757574	9.657824
d249	TMEM141	9.127563	9.064865	8.831514	9.445152	9.777677	9.461909
d250	TMEM208	6.513224	6.518633	6.290163	6.7797127	6.8833485	6.8585324
d251	TMEM217	4.3363466	4.5433254	4.5925303	4.9390645	4.8374453	5.0310955
d252	TPTE	6.1031666	6.2380867	6.4569807	6.4181514	6.9349623	7.115803
d253	TREM1	4.2215614	3.949192	3.771921	4.525573	4.2254796	4.807945
d254	TRIAP1	5.5720663	5.879886	5.4439797	6.1216416	5.9853663	6.1224155
d255	TRIM11	4.945954	4.7777967	4.987724	5.3118258	5.6231775	5.492306
d256	TRIM3	3.3107474	3.3691058	3.2448027	3.8417714	3.9281003	3.5621064
d257	TRIM42	3.869385	3.9554248	4.098019	4.269211	4.39534	4.712047
d258	TRNAU1AP	4.0533996	3.7157025	3.785722	4.2650933	4.145838	4.3015785
d259	TSFM	8.320473	8.598696	8.608134	8.970659	8.861929	9.178911
d260	TTC36	5.812677	5.9002585	5.824167	6.0384364	6.5631695	6.2470617
d261	TTC39C	7.7876205	7.8498726	7.82961	8.065533	8.40712	8.39049
d262	UBQLN4	4.2705207	4.178837	4.712666	4.704667	4.8534174	4.946739
d263	UMODL1	3.6468415	3.4954882	3.7060115	4.061124	4.3377576	3.9800353
d264	USP44	3.179339	3.4781013	3.4484985	3.5457897	3.8456585	3.8790264
d265	VAMP8	6.5368977	6.357982	6.5473647	7.0070934	6.6626253	7.055969
d266	VASH2	7.2850676	7.291014	7.609733	7.6865416	7.957435	8.00963
d267	VILL	3.94927	3.7602892	3.6842263	4.159246	4.2973857	4.167954
d268	WDR60	5.8326354	5.422046	5.6768227	5.956642	6.0899625	6.129951
d269	YBEY	3.5725443	3.9289987	3.6282969	4.2467337	4.2263308	4.120537
d270	YBX1	13.739454	13.641193	13.805065	13.999868	14.416268	14.306405
d271	ZBTB48	5.054263	4.8949575	5.170693	5.361636	5.7087917	5.486175
d272	ZC3H18	4.7779126	5.2913513	5.053256	5.31947	5.4888473	5.631508
d273	ZIC2	6.4406834	6.6553917	6.5082564	6.7982855	7.3686447	7.0246844
d274	ZNF385D	1.0677285	1.0637116	1.1113055	1.6869441	1.8086622	1.3153923
d275	ZNF419	2.838425	3.4047925	3.0673728	3.6573246	3.5595188	3.4744081
d276	ZNF480	9.173313	9.1177025	9.116348	9.382669	9.601317	9.811514
d277	ZNF491	4.9712853	5.165813	5.1578283	5.470333	5.6045785	5.5249324
d278	ZNF527	4.896505	4.868306	4.8999195	5.5018473	4.996226	5.3216105
d279	ZNF544	6.9442086	7.2276535	7.060708	7.519289	7.6489778	7.497123
d280	ZNF691	6.69795	6.932277	6.6227345	6.963321	7.382127	7.3440943
d281	ZNF782	3.902864	3.6134694	3.6569345	4.206428	4.0256352	4.1445985
d282	ZNF880	3.1204095	2.9835668	3.4558382	3.5733354	3.8394406	3.8920999
d283	ZP1	1.7002379	1.7336297	2.140861	2.5406742	2.2612338	2.4659743
d284	A2ML1	6.1249895	5.758745	6.426953	6.5758843	6.736003	6.8533773
d285	A4GNT	2.348813	2.549933	2.0800998	2.5527704	3.7154741	3.693766
d286	ACOXL	5.155092	4.24818	5.2402	5.7548842	5.8546143	5.637277
d287	ADAM32	3.875815	3.456543	3.868439	4.502462	4.1131353	4.3896875
d288	ADCK2	5.5702996	5.423401	5.3019986	6.012789	5.909974	6.23678
d289	ALDH7A1	6.2933064	6.095635	5.753632	6.525299	6.751904	6.717904
d290	ALKBH7	9.622969	9.994446	9.224693	10.171846	10.393501	10.412072
d291	AQP6	4.268809	4.529788	4.739581	5.3622227	5.371696	4.9498367
d292	ARHGAP20	2.9095418	3.0752122	3.7107255	3.9971967	4.047936	3.921086
d293	ARHGAP30	4.790807	4.533764	4.539671	5.2550683	5.325623	5.650631
d294	ARHGEF19	2.4299762	2.7821984	2.6191545	3.3502092	3.6152406	2.8150911
d295	ATP6V0A4	2.0677629	1.8959959	1.1764251	2.8181772	2.7151353	2.2868958
d296	AVPR2	3.5502925	3.3776524	3.1702142	4.1266775	4.1486197	3.7860284
d297	C12orf73	5.7877417	5.9689755	5.856402	6.5971823	6.4745283	6.6558475
d298	C14orf142	5.5315557	5.874815	5.9856443	6.401373	6.5149717	6.4448156
d299	C1orf159	2.638493	2.4763637	2.8017507	2.9747	3.6654904	3.1648912
d300	C1orf95	2.4702842	2.225936	2.1428046	2.9625645	3.1750975	3.2370038
d301	C2orf42	2.7942877	2.9389453	3.3481114	3.5699801	3.6669514	3.7253988
d302	C8orf59	2.8862698	3.3408217	2.8845606	3.980788	4.150076	3.3841758
d303	CA5B	1.671524	1.5882558	1.6345918	2.9809785	2.244262	2.4082966
d304	CABP1	4.223972	3.5873873	3.1263964	4.6610966	4.247352	4.6242123
d305	CAPN15	3.5726047	2.9707305	3.2522366	3.5850265	4.154035	4.010271
d306	CAPN6	2.601196	3.6470404	2.8314903	3.8323233	4.2238946	3.8517833
d307	CCDC36	3.0111322	3.0697877	2.718305	3.7179437	3.6240015	3.2230227
d308	CD177	4.4913354	4.6917567	4.6775007	4.9196696	5.3902526	5.3204412
d309	CD244	1.2201563	1.5615631	1.4476063	1.9602183	2.5384064	1.9833068
d310	CD274	7.6011267	8.030926	7.7498903	8.206214	8.213439	8.940784
d311	CDH10	2.7233772	2.210332	2.0809722	3.1158032	3.426659	2.7388792
d312	CENPI	4.756004	3.740996	4.384337	5.135093	5.023506	4.948709
d313	CENPT	0.87975216	0.9925435	0.90117097	2.357642	1.7205205	1.3042474
d314	CEP192	7.657523	7.7328854	7.560955	7.8848615	8.403648	8.702143
d315	CHRNA6	6.6839757	6.3737926	6.826542	7.1002827	7.5374	7.4324207
d316	CLYBL	7.7579913	7.912712	7.687296	8.258071	8.457664	8.70337
d317	COL27A1	2.009211	1.7995749	2.836855	2.7761574	3.6323214	3.2102032
d318	COQ10A	9.813484	9.6823845	10.235501	10.650487	10.503014	10.426411
d319	DCX	3.8619392	4.5215654	4.1554236	4.8029966	4.9339213	4.579327
d320	DDX49	3.175669	2.627416	2.8041432	3.3420753	3.955291	3.583366
d321	DDX50	0.88423437	1.1687592	1.0300722	1.1904613	1.9188387	2.1552677
d322	DIO3	1.1086171	1.0319782	1.456197	2.107572	2.4489787	1.9010375
d323	DKK2	5.2088666	6.5603385	6.2131796	6.9819374	7.038794	6.890847
d324	DRC7	3.0934255	3.838284	3.3789048	4.212821	4.1958027	4.125753
d325	EGFLAM	3.9621377	3.3640556	3.237459	4.197728	4.109694	4.409024
d326	EIF3E	10.750892	11.016584	10.712628	11.114734	11.678118	11.441708
d327	EIF3L	8.520303	8.323667	8.384783	8.7469635	9.256173	8.988418
d328	ELP5	8.07134	7.956074	8.246307	8.646494	8.925284	8.84213
d329	EMC9	4.564509	4.904794	4.1454678	5.357989	5.2284327	4.9033957
d330	EMID1	1.9913058	2.5894558	3.1749375	3.5023293	3.3589964	3.5245636
d331	EMR3	2.1067367	2.3462505	2.4438932	3.145681	3.027005	3.3162363
d332	EPN3	5.841118	5.4608645	5.566532	6.200945	6.0932918	6.329742
d333	ERBB3	2.231464	1.9707425	2.1756508	2.701041	3.6097803	2.6989725
d334	ESRRA	8.528593	8.829673	8.791446	9.048897	9.506101	9.366763
d335	FAM228B	7.693292	8.0773325	8.077678	8.416213	8.5788	8.671188
d336	FAM231A	3.1161802	3.2548525	3.7406108	4.12979	4.184563	4.209529
d337	FANK1	2.6089485	2.529749	1.7085536	2.7843947	3.1080782	3.3550165
d338	FLJ38773	4.4807854	4.191676	4.809356	5.1361823	5.2987404	5.014355
d339	FN1	2.744906	2.2196057	2.3229442	2.850803	2.8811643	3.4015338
d340	FOLH1	3.4358056	3.0293753	2.9678795	3.902678	3.3645926	4.0399747
d341	GABRA5	2.1137035	1.751478	2.2358313	2.9071658	2.7962286	2.783766
d342	GLOD5	2.981437	2.3543978	2.9601293	3.3522015	3.5078757	3.35549
d343	GLYAT	2.529229	3.0199394	2.9505734	3.1478791	3.6123505	3.6202967
d344	GP6	5.7443366	5.837259	5.9224563	6.935153	5.9874725	6.5476656
d345	GPRC6A	2.788764	2.9568152	3.3423452	3.3302948	3.7397435	3.7834773
d346	GRM5	2.0831547	1.9814298	1.9666015	2.9643726	2.4616268	2.6784754
d347	GUCY2D	1.7401886	2.162344	2.4586282	2.7427049	2.861878	3.6589358
d348	HCN3	4.1740003	3.5372634	3.7162118	4.4480577	4.657548	4.471604
d349	HLA-DRB4	8.45421	8.216007	8.72665	9.884841	9.338924	9.120552
d350	INHA	1.1565473	0.86481416	0.8234526	1.5173995	2.133832	1.6632929
d351	KCNK9	5.2235928	5.1508765	5.522426	5.8436646	6.567972	6.3156757
d352	KIR2DS4	5.2840943	5.363145	5.5780516	6.2598	5.7799253	6.0165157
d353	KLF11	6.1272135	5.3884573	5.5080314	6.2739887	6.502426	6.566864
d354	LCE3C	3.170422	2.5512288	3.06018	3.7552168	3.5569773	3.3778949
d355	LCE4A	1.7045578	2.3932734	1.713217	3.0494976	2.9855027	2.3613348
d356	LIN7B	7.010116	7.582388	7.5389047	8.001818	8.170211	7.834853
d357	LOC100130433	5.2394958	5.2673416	5.355985	5.643346	6.186121	6.193436
d358	LOC646743	3.8098485	3.0940113	2.8742714	3.7452502	4.3313074	4.1371984
d359	LPAR3	8.17668	7.8872194	7.6086373	8.167161	8.829538	8.575697
d360	LRTM1	2.549933	3.216435	2.896273	3.4916282	3.5321293	3.919703
d361	LRTOMT	6.0296907	5.6635165	6.064511	6.3806458	6.6825604	6.775705
d362	MAGEA12	4.197038	3.986652	4.0939455	4.80532	4.931894	4.8173156
d363	MAPK8IP1	4.4887667	4.6821904	4.8021917	4.9169073	5.5779815	5.35933
d364	MCHR2	1.9459264	0.9202847	1.4743601	2.1422648	2.3985622	2.2517803
d365	MEIOB	6.675356	7.0805798	6.6531005	7.3181868	7.737425	7.357504
d366	MGAT5B	3.82106	4.039353	3.668004	4.651762	4.6686378	4.0990086
d367	MSL3	2.937767	2.9514365	2.3662696	3.5192657	3.8145278	3.1334524
d368	NDUFS5	11.064112	11.799275	11.653595	12.166758	12.127279	12.238444
d369	NECAB2	2.4447896	3.0126204	2.477977	3.4209132	3.4453945	3.1824968
d370	NMRK1	1.9532819	1.3409863	0.927519	2.1515167	1.9807478	2.223956
d371	NMRK2	13.336199	14.343004	13.592304	14.751241	14.559383	14.657477
d372	NRSN1	2.8776176	3.177606	2.7809544	3.3484025	3.6630738	3.5904694
d373	NTHL1	3.1389341	3.3332872	4.0010386	4.151496	4.1554236	4.2464
d374	NUP107	0.89814335	0.8919078	0.81792873	1.5937078	1.0007055	1.8441716
d375	OBP2A	3.8261461	3.886798	3.8845978	4.3503404	4.8308115	4.3727503
d376	OR10J1	3.2998548	3.4101632	3.9218302	3.9799519	4.3358674	4.2293067
d377	OR11H6	2.1469598	1.8638754	1.8494129	2.6637158	2.283312	3.1292071
d378	OR2T5	3.1111863	2.8969135	2.9874833	3.5659988	4.348852	3.9387887
d379	OR4C45	1.3973367	1.3001437	2.091031	2.6903214	2.1051881	2.759037
d380	OR51I2	2.2740278	2.918686	2.2874727	3.4334192	3.6848843	2.9975662
d381	ORAOV1	3.0005674	2.5364633	2.1095996	3.4251285	3.3759246	3.207383
d382	OSM	4.874878	4.2756014	4.4461956	4.853611	5.369461	5.3866334
d383	OTOP3	0.9847881	0.8791108	0.84055364	2.1459365	1.3848472	1.6500759
d384	PM20D1	4.4771147	4.360183	4.704951	5.534888	4.9737883	5.000321
d385	POLR1D	9.264671	9.30092	9.10241	9.489439	9.938713	10.033706
d386	PRR23B	3.2077713	3.7554057	3.5095572	4.2012434	4.0122757	4.109422
d387	PRR27	3.2116659	3.4742124	3.202378	3.4812624	4.629857	4.209776
d388	PSG10P	6.250424	6.3216624	6.423021	6.775705	7.2779894	7.025404
d389	PXMP2	6.2751637	6.298788	5.9849176	6.4782047	6.8205624	7.114755
d390	RHPN2	3.997294	3.5989938	3.863709	4.4979453	4.197038	4.730306
d391	RLN3	1.790285	0.8048206	1.4399323	2.492978	2.4504292	1.8387104
d392	RPL13	10.538395	10.546243	10.1078615	10.97716	11.113284	11.344598
d393	RPL36	2.6924362	3.083369	2.5904975	3.7384036	3.1141284	4.098735
d394	RPS10	12.811026	12.5046835	12.657427	12.862002	13.628599	13.589973
d395	RPS3A	10.62724	10.8916025	10.3643	10.887941	11.358534	11.395198
d396	RTBDN	5.528774	5.3521833	5.662607	6.0775003	6.0128946	6.261293
d397	RTKN2	2.8335056	3.1034098	3.6468089	3.8402731	3.8052855	3.9469447
d398	RTN4RL1	3.332062	3.1553931	3.6433764	4.4165654	3.85946	3.9514072
d399	SLC15A5	0.8223523	0.9038882	0.9862437	1.8322678	1.9715986	1.3737518
d400	SLC22A11	1.1441232	2.1014102	2.0230803	2.3286433	2.7560678	2.4952395
d401	SLC24A4	3.984802	3.5795183	3.8657582	4.0712233	4.7238398	4.618536
d402	SLC9C2	1.777588	1.7151678	1.7232056	2.4180934	2.5254292	2.4854233
d403	SLCO4A1	3.8137505	3.642591	3.0723836	3.9155526	4.267238	4.3909087
d404	SMIM5	7.1805954	7.03815	6.5265007	7.776655	7.660085	8.051243
d405	SMTNL1	2.608719	2.5683722	3.04731	3.398421	3.791288	3.1698203
d406	SNRPD3	3.909823	3.7504785	3.2347207	4.4758267	4.296584	4.2608533
d407	SNRPE	1.907485	2.0936828	0.9715285	2.6976442	2.270163	2.7325969
d408	SPACA4	4.277272	4.000977	4.47306	4.5378447	5.1692557	5.194439
d409	SPAG17	2.617213	3.7317553	3.0208256	3.9662185	3.8480837	3.8967621
d410	SPANXB1	1.9152908	2.6029017	2.730141	3.3252015	2.8760643	3.049562
d411	SPIB	4.0889397	4.187339	3.41673	4.7432976	4.6250587	4.671714
d412	SRP72	1.1811507	0.9782236	1.3633499	1.3832505	1.980259	2.1294062
d413	STOX1	3.4640355	3.785722	3.4160404	4.51484	3.8751383	4.070771
d414	STRA6	3.2912412	3.3327684	3.8139682	3.7490783	4.6350894	4.741335
d415	SYT12	1.3598782	1.9259503	2.2683578	3.1359649	2.3684213	2.6593819
d416	SYT5	1.7094266	1.9060098	2.9360025	2.855821	3.223359	3.404622
d417	TBX15	1.5485321	0.9898891	0.988554	1.5982437	2.0103672	2.2058954
d418	TFE3	1.0233576	1.1951152	1.0142316	2.2296162	1.7708536	1.6339092
d419	TMEM233	4.539172	4.641127	4.5736017	4.849312	5.466754	5.38232
d420	TMEM247	2.6414845	2.427944	2.520742	3.274816	3.2786558	2.975933
d421	TPPP2	2.1729052	2.4940865	3.074536	3.1669004	3.4076447	3.1848297
d422	TRABD2B	4.6564045	4.9052243	4.888462	5.6736736	5.513261	5.3568006
d423	TRAPPC3	4.236441	4.0819283	4.1415095	4.505984	4.9544797	4.7899137
d424	TXNL1	2.105761	2.8107853	2.1538038	2.89984	3.2779233	2.7933133
d425	UAP1L1	6.1624565	6.0080767	5.676696	6.7843266	6.4373074	6.45529
d426	UCP1	1.486272	1.6294801	1.3891916	2.450541	2.3463354	2.2299414
d427	UQCRB	11.333716	12.0957775	12.065512	12.373408	12.5824175	12.431697
d428	WFDC5	3.4961438	3.866478	3.5853443	4.000145	4.592777	4.3244658
d429	WNK4	2.7162921	3.09162	3.199426	3.4418912	3.6158948	3.7100425
d430	XDH	1.3003597	1.5081245	1.0069319	1.7609994	2.9239447	1.9450833
d431	ZAP70	5.1040106	4.888462	4.7781734	5.6897507	5.473872	5.614017
d432	ZIC5	4.2280455	4.577778	4.895147	5.0586686	5.3128824	5.3427854
d433	ZNF169	3.303935	2.68781	3.159133	3.3922842	4.2426195	3.8046718
d434	ZNF71	2.8172774	2.861415	2.468935	3.136484	3.7430816	3.3666863
d435	AATF	2.4973032	1.0540737	2.0976021	3.0689821	3.3794181	2.7480042
d436	ACSBG1	1.4131267	1.2020535	1.8621373	2.6047065	2.926921	3.318525
d437	ACTR6	1.1112262	0.9890363	1.0385984	2.1160786	1.8648278	2.4191473
d438	ADD2	1.8558328	2.5174267	1.0913877	2.7303536	3.3528876	2.691241
d439	ALDOAP2	0.9000732	1.974618	0.9180653	2.3929465	2.0985084	2.6242146
d440	AMTN	1.946844	1.3987112	2.5135572	3.383985	3.5241601	2.946317
d441	ANK1	5.6486454	5.5809474	5.7176437	6.171012	7.2728996	6.8876886
d442	ATP5D	2.753727	3.9886713	3.9393778	4.3772492	4.899749	5.1101723
d443	BAALC	1.8851978	0.9911391	1.0070615	2.7491038	3.2764747	2.885682
d444	BRPF1	0.9616768	1.0473938	0.95611703	2.1491194	2.578269	1.6099958
d445	C17orf100	4.607568	3.8684173	3.1741047	4.6007814	5.0033274	5.0871735
d446	C1orf210	2.3616507	1.6144003	1.0250632	2.6384037	3.1701117	2.8829644
d447	C5orf28	1.6125941	1.9773707	2.720833	3.0984402	3.3283012	3.1896193
d448	CFAP61	1.032642	1.0511686	1.0700641	1.9739857	3.0791254	1.7995749
d449	CIB4	4.9704537	5.4471893	4.889147	5.331034	6.712088	6.7942977
d450	CPEB1	1.1412776	0.8931183	1.0351158	2.196246	2.6316957	2.5007656
d451	CST6	0.8996083	0.9480732	1.9295185	1.8523097	2.282163	2.639178
d452	CTSLP2	2.7234876	1.8491733	3.1367927	3.8008065	3.4742868	3.8682377
d453	CTSW	4.4083114	4.650603	3.8437295	5.429715	5.044109	5.6422076
d454	CXorf67	1.9394376	2.3097084	1.007297	3.045842	3.3280864	2.7919583
d455	DOK3	0.8206642	1.3983918	1.8500586	2.5720217	2.4024243	2.1247523
d456	FAM19A4	0.8800239	0.9121466	1.796259	2.7277098	2.5194156	1.7675756
d457	FCAMR	2.243748	2.6788597	2.3031933	2.84367	3.5695941	3.8219955
d458	FCHO1	2.1998363	1.0441115	1.8844388	3.1159809	2.5304143	2.7118342
d459	GLP2R	1.2921739	0.90523756	2.3382852	2.526272	2.971749	2.3733153
d460	GPR113	2.0259197	0.95629555	0.8613422	2.7182512	2.3036487	1.9374189
d461	GPR139	3.8762684	3.7794101	3.3053513	4.666277	4.3610005	5.018338
d462	GPR55	2.779543	1.9346995	1.6992085	2.661869	3.6849387	3.6234884
d463	GRXCR1	2.656302	3.1642537	2.0571806	3.8527794	3.5211687	3.5273962
d464	GZMH	1.6522659	1.6161413	1.648059	3.0485048	3.0406623	3.608191
d465	HHLA1	1.6092595	0.9621306	1.7334211	2.820365	3.0057213	3.254766
d466	HOXD10	4.144761	3.592844	3.9458542	4.8744335	5.3756914	5.295502
d467	HP	7.9742165	8.492268	8.016491	9.061169	9.011208	9.502485
d468	HPR	7.3581076	7.81597	7.5991564	8.685349	8.8375845	9.35161
d469	IL12A	0.8981494	1.0099173	0.9100084	3.2072012	1.2963324	2.1668565
d470	IL18RAP	2.5553982	1.0303984	1.6202854	2.7422504	2.684316	3.5055122
d471	IL22RA2	0.9031662	0.8848748	0.90779024	1.7439032	1.939986	2.0007286
d472	IL2RB	3.41673	2.9739928	2.011802	4.0253663	3.5847304	4.134091
d473	INSL6	1.1451688	1.091467	1.2879349	3.7289689	2.5958965	2.0869448
d474	JPH4	2.9788585	2.6956308	1.7364249	3.6611972	3.6257162	3.163786
d475	KIAA1586	1.8486371	1.2257588	0.9791994	2.5121992	2.360266	2.455567
d476	KIF1A	1.7659633	1.7342879	1.5845102	3.4371583	2.6709592	3.1231098
d477	KIR2DL2	1.7688411	3.1005056	1.13854	3.3238606	3.1510837	4.181839
d478	KIR2DS3	1.831351	3.1554823	1.714475	3.726231	4.0268497	4.244619
d479	KLRB1	3.5680983	2.798726	2.6824837	4.1159897	3.9885712	4.741163
d480	KPNA7	2.2982857	0.82767093	0.9642169	2.999378	2.922601	2.7762063
d481	KRTAP19-2	6.901587	7.1869354	7.60984	8.118864	9.309067	7.9563193
d482	LOC100287477	0.914396	1.0218924	0.91416746	2.5016377	1.9835465	1.7743601
d483	LOC101060810	0.86878437	0.97716075	0.8981494	4.106377	3.428934	3.6852562
d484	LYZL6	2.520399	2.2732294	3.5125532	4.008593	3.8629334	3.6293917
d485	MCOLN3	1.0145177	1.3048828	1.5232246	1.845539	2.0527318	2.937158
d486	MTRNR2L4	2.7881196	2.6790228	2.7634578	3.7817152	4.186556	3.4346328
d487	NCOA1	2.1691823	1.8755394	0.85231996	2.4899902	2.9851787	3.156625
d488	NFE2	1.084099	1.1326406	1.0606325	1.5534477	2.9109411	2.7006588
d489	NKX2-1	1.1262814	2.6158977	1.1183681	3.0662582	3.0683227	3.0916946
d490	OPCML	1.5170401	2.786419	1.6167632	3.3071635	3.3284187	3.55236
d491	OR1B1	2.811119	1.7988465	1.5126603	3.8783038	3.0776014	3.2542262
d492	OR1J2	2.33526	1.8229213	1.6228223	3.1740222	3.5291386	2.4287586
d493	OR2W3	1.6743573	0.83565634	0.7940291	2.638959	2.4975371	1.5706141
d494	OR52I2	1.8488672	1.6817157	1.6448454	3.2153082	2.8981426	2.684168
d495	OR5H15	0.890697	0.8048116	0.9389555	2.70181	1.3166062	2.5575404
d496	OR9Q2	1.0351158	0.90901285	1.5281819	2.39951	2.2679865	2.2138329
d497	PAX1	1.1651248	2.1054287	1.3775063	2.3072329	3.341616	2.950762
d498	PIM2	1.27896	0.80787927	0.8586931	2.5475888	1.8564068	2.0684958
d499	POLM	3.157175	1.0222017	1.0709739	3.1876135	3.303451	3.8917446
d500	PPEF1	1.769525	3.2861176	2.3993866	3.834206	3.230367	3.9960124
d501	PPP1R27	1.4517728	2.650234	1.0394311	3.2367492	3.1965413	3.6725373
d502	PRKCB	0.8907797	1.3631076	0.9022311	2.6187992	2.761478	1.5491639
d503	SLC36A3	1.9810188	1.2393132	2.5316849	3.0490162	3.0058494	2.8798077
d504	SMIM22	0.9766152	1.9885906	1.6241362	2.6480281	2.7553813	2.8467772
d505	SPATA17	1.8733863	1.177882	2.740047	2.9493747	2.8228145	3.336329
d506	SPG20	1.976113	2.020021	1.9787004	3.5583124	3.033205	2.6894934
d507	SPSB1	1.9471006	1.9291974	2.4285307	3.037483	3.136484	3.5257487
d508	SST	0.963714	1.4294773	1.4895515	2.5705562	3.0047212	1.9664471
d509	SULT1C2	1.1418089	1.2355881	1.4567822	3.1592019	1.7951891	1.9911027
d510	TAT	1.4779122	1.845696	2.2672176	3.0392818	2.9553225	2.9795938
d511	TBC1D21	1.3805767	1.1088302	2.620964	3.2136116	3.338058	3.158373
d512	TC2N	3.9999323	5.373028	4.8365736	5.6603947	5.6109004	6.746125
d513	TFRC	8.780432	8.809288	8.627397	9.8750105	9.263126	10.299226
d514	TULP1	2.5909863	1.2998983	2.785254	3.3602746	3.1957643	3.4906702
d515	UCN2	1.4167182	2.1042871	2.767992	3.1647437	3.174388	3.5128477
d516	XKRX	2.0210793	1.109205	1.0393264	1.9548799	2.6538944	2.785544
d517	YTHDC1	1.5961334	2.412578	1.3100543	3.2728019	2.9949558	3.3281722
d518	ZNF790	3.9255202	3.5566373	3.1414983	4.517818	4.8794584	4.5539374
TF1	RELA	8.541536	8.66853	8.393459	8.525222	8.450988	8.803338
TF2	STAT3	7.392086	7.694097	7.496339	7.487612	7.332617	7.537051
TF3	STAT5A	4.759438	4.681675	4.632757	4.792708	4.604263	4.781927
TF4	STAT5B	5.201028	5.041712	5.511712	5.443866	5.622433	5.248107
TF15	HIF1A	1.6745822	0.9294378	0.8408892	2.3810606	2.0854297	3.100571
