u1	GeneSymbol	Case1	Case2	Case3	control1	control2	control3
u2	ABCA9	10.142209	10.187832	9.930017	9.781361	9.514488	9.621917
u3	ABCB11	1.6424456	1.5320067	2.1664915	1.0512848	1.1534029	1.0636703
u4	ABCC3	2.0839806	1.8781008	1.9152168	0.81803906	1.5828409	1.0007181
u5	ABCG4	3.2869549	3.0218694	2.8647354	1.6965436	2.0208566	1.4761909
u6	ABI3BP	9.200299	8.191087	8.320611	7.673786	7.19276	7.2851443
u7	ACBD7	13.326032	12.871858	13.117189	12.775136	12.559319	12.6226425
u8	ACER3	6.7421	6.710385	6.5727744	6.497736	6.0915713	6.116912
u9	ACR	3.607331	2.6081555	3.2581084	2.3729904	1.0240082	1.9079772
u10	ACTG2	7.767659	8.0924	7.8850803	7.390299	6.894698	7.158559
u11	ADAMTSL3	3.9735184	3.3809574	3.3194056	2.825281	2.4173298	3.069175
u12	ADARB2	4.118349	4.6432886	4.562485	3.7032602	3.653797	3.844828
u13	ADCY1	4.98951	4.786863	4.5789948	3.6551912	4.0064054	4.4790597
u14	ADGB	2.6623962	2.2927976	2.1868405	1.1438527	1.7300262	1.1363803
u15	ADRBK2	4.3232756	4.4109	4.516807	4.128455	3.327087	3.0892634
u16	AHI1	4.8301578	4.4173784	4.512908	4.3740506	3.9292529	3.9902868
u17	AHSP	4.504815	4.7735767	4.6820955	4.320713	4.053277	4.448144
u18	AIF1L	3.2605283	3.3525312	3.6946878	2.6566563	2.1687987	2.7463322
u19	ALDH1A1	8.323124	7.9196763	8.234512	7.7605925	7.616409	7.9208517
u20	ALDH1A3	4.986675	5.101768	4.518335	4.3945975	3.176362	3.6474988
u21	ALOX5	2.0078328	1.8469764	2.4567895	0.87976485	0.9860311	1.4875445
u22	AMMECR1	6.5812984	6.917796	6.45061	6.2843485	6.187761	6.0188317
u23	AMOT	6.154966	5.9522247	6.199668	5.345517	5.4066434	5.113822
u24	AMPD2	5.5358725	5.850085	5.949416	5.546019	5.1444197	4.97196
u25	ANKRD28	5.019126	5.317274	5.013934	4.60205	4.0857916	4.389448
u26	ANKRD36BP2	2.7980182	2.03668	1.9434066	1.8375503	1.1123364	1.1328871
u27	ANO10	5.0672894	5.44699	5.3527684	4.9344907	4.2271805	4.054005
u28	ANTXR2	11.034798	10.511768	10.504498	10.099172	10.128747	10.095116
u29	APCDD1L	3.8013682	3.2645056	3.5703788	2.5604281	1.8693663	2.66921
u30	APLP2	10.561002	10.566024	10.404182	10.040794	10.122932	10.062296
u31	APPL2	4.5762415	4.062906	4.3725867	3.7018452	3.8776035	4.0906954
u32	ARHGAP17	3.646202	4.069156	3.7058098	3.6067343	3.2461295	3.2770066
u33	ARHGAP22	3.8470712	4.0437856	3.6639366	3.4641488	3.373699	3.1200628
u34	ARHGAP29	4.946227	3.2277458	3.5252366	2.4336033	2.5655518	1.8674152
u35	ARHGDIG	4.396269	4.779775	5.389032	4.171895	4.064158	3.7699237
u36	ARID1B	5.9223332	5.5322666	6.0058255	5.4256077	4.8707156	5.3802066
u37	ARPC5	4.5405498	3.3806908	3.9356863	2.3428164	2.9072657	3.2329543
u38	ASIC1	3.7626522	3.7007842	3.6369267	3.2416506	3.242705	3.286778
u39	ATAD2	4.9329376	4.524982	4.2723103	3.593657	2.988003	3.8803277
u40	ATG10	4.5749307	4.532605	4.512196	4.4452267	3.8468413	3.9798114
u41	ATG16L1	11.506407	11.427185	11.425542	11.027133	10.884436	11.138415
u42	ATG4C	2.392518	2.05535	1.9456956	0.84929895	0.8525792	0.8570056
u43	ATP10B	10.836777	10.359301	10.260461	9.90513	9.957088	9.925845
u44	ATP1A1	6.697542	6.4499726	7.2081623	6.0957556	6.021711	6.393948
u45	ATP6V1E2	3.3205109	3.180162	3.56429	2.6678116	3.1385784	2.41708
u46	B4GALNT3	4.8384843	5.1197762	5.283867	4.754654	4.2651825	4.6175184
u47	B4GALT6	2.696242	3.0634634	2.4673393	0.96912795	2.457147	1.5872936
u48	BAMBI	10.525046	9.7883835	10.575215	9.535711	9.666771	9.335199
u49	BBS2	3.929634	3.5167813	3.4049115	2.88032	2.7763786	3.1682186
u50	BCL2L15	2.7262807	2.8296037	2.8958309	1.0941106	2.089333	1.1788994
u51	BFSP1	2.147059	2.0495872	2.3768382	1.5560055	1.8123709	1.81955
u52	BIRC6	3.5070333	2.6452248	2.9806952	0.86211604	2.4606838	1.7606337
u53	BMP4	6.981087	6.9326973	6.25737	6.0554385	5.9324245	6.0588865
u54	BNIP3L	13.4403305	13.074721	13.153616	12.6622305	12.941735	12.853625
u55	BOC	4.722888	4.4263515	4.4413247	4.1492324	3.7716432	3.9738278
u56	BRD7	6.89932	6.2541776	5.9962106	5.57084	5.831691	5.5473523
u57	BRE	3.4832149	3.0899718	4.0244513	1.9410313	2.9704165	2.1902943
u58	BRWD1	5.732758	5.392399	5.4743285	5.108993	4.887689	4.2501326
u59	BSDC1	2.7304363	2.7119112	2.9711185	2.6266677	2.177405	1.7625245
u60	C10orf54	7.863271	8.3600645	8.183179	7.5083437	7.8108125	7.607379
u61	C11orf24	7.9040446	8.378472	8.194038	7.5035043	7.7429667	7.5407114
u62	C12orf40	5.512808	5.5249324	5.5964713	5.085116	5.0983515	4.7239785
u63	C16orf71	4.9301224	4.760912	5.0117497	4.577343	4.2608533	4.7123213
u64	C16orf80	3.6301005	2.2590508	2.5205386	1.5317825	1.0025609	0.94914764
u65	C17orf67	2.4174144	2.43703	3.1154163	0.9979422	1.8347093	1.9595047
u66	C19orf81	4.4520645	5.137844	5.714677	3.9871683	3.0709465	2.8383627
u67	C1S	7.9059143	8.245735	8.036764	7.420976	6.5952477	7.604474
u68	C2orf15	1.5835162	1.7103623	2.550459	0.83783585	0.81231076	1.171942
u69	C2orf43	4.8119674	4.345949	4.70334	4.258951	3.7157025	4.0909405
u70	C3orf52	5.071446	4.611723	4.34036	3.9557722	4.1241856	3.3290687
u71	C5	3.3795826	1.6818308	1.8391471	1.0016404	1.0082064	1.0249157
u72	C5orf34	2.9875462	1.9952986	2.9469993	2.0109892	0.81465113	0.8089403
u73	C6orf163	3.266346	3.7305925	2.5733626	2.2459507	1.1367267	1.9075884
u74	C9orf47	1.9948971	1.6193578	2.4723637	0.80893254	0.8544939	0.8432946
u75	CA13	4.2951016	4.805458	4.512349	4.2783427	4.0656796	3.8622048
u76	CA4	7.887064	8.163092	8.038099	7.5089293	7.823791	7.3870807
u77	CAB39	4.3741107	3.7574065	3.3522608	3.3093119	2.6988697	2.6570683
u78	CACNA1B	7.0408173	7.1176534	7.4195304	6.267486	6.886202	6.2991395
u79	CACNA2D3	3.0419827	1.5448906	2.854511	1.5527905	0.92747504	0.87827134
u80	CACNB2	4.0453115	4.206761	4.1695876	3.3700814	3.3971493	3.471419
u81	CACNG4	3.822449	2.5944319	3.0185869	1.0261773	2.0720973	1.8791221
u82	CACYBP	2.505279	2.0617847	2.6549335	1.5597196	0.85353583	0.84159315
u83	CAPN10	4.1981688	4.67595	4.749412	4.297467	3.568716	3.6429923
u84	CAPZA1	7.661695	7.7387156	7.7179065	7.447386	6.974576	7.280009
u85	CARD10	7.7739587	7.7442117	7.848941	7.5107746	7.1593914	7.3880105
u86	CASC1	2.1549814	2.456758	1.9286561	0.88985217	1.8634146	1.4007105
u87	CATSPER1	1.6347365	1.5244603	2.2528126	0.83284473	0.8330112	0.84644395
u88	CBLN3	1.6855949	1.895211	1.1342609	0.83988994	1.1316156	0.8339905
u89	CBR3	1.8806636	2.8208885	2.5014083	1.0595205	1.0247203	1.5520666
u90	CCDC108	5.828224	5.6827254	5.952304	5.6687455	5.029427	5.036802
u91	CCDC125	7.7161026	7.434414	7.355083	7.322283	6.8835583	6.853196
u92	CCDC150	3.2325397	3.5266473	3.3484025	2.5974271	2.1215682	2.2557955
u93	CCDC6	6.675835	6.7689567	6.5769444	6.531855	6.068473	6.2420406
u94	CCNL1	7.564522	6.897828	6.8572693	6.6565976	6.3410387	6.490812
u95	CD200	5.2242446	5.8114557	5.231652	4.8766217	4.81859	4.370047
u96	CD207	2.3445756	2.4891524	3.4155278	0.8292794	1.5639042	1.1924046
u97	CD84	5.0992923	5.392876	4.8525863	4.7077827	4.5747733	4.408274
u98	CDH13	7.171287	7.4092636	7.6039577	6.718299	6.668891	7.0319934
u99	CDK17	4.2907567	3.892934	3.0915294	2.4902363	2.8560221	2.9231915
u100	CEACAM5	2.91589	2.2745638	2.5941586	1.9333495	1.9377973	2.071894
u101	CELF6	9.631518	9.533665	9.20674	8.805344	8.866591	9.033762
u102	CENPN	1.8444402	1.7379099	1.6502799	0.97306544	1.467117	1.0059602
u103	CEP170	2.9264345	1.8782135	2.0470567	0.79667586	1.5363421	1.3240469
u104	CERCAM	8.119143	7.549912	7.552376	7.4164944	6.9341393	6.9351864
u105	CES1	4.0988703	4.1803946	4.571431	3.5654807	1.2209151	3.0129104
u106	CES3	4.5478325	4.5384417	4.3787475	4.012995	3.945067	4.056075
u107	CHRFAM7A	3.6667163	3.3192074	3.8376703	2.898358	3.2900472	2.992907
u108	CHRM2	10.436893	10.5170765	10.041005	9.866793	9.933913	9.6732
u109	CLDN4	5.788523	5.4564867	5.415428	5.1197762	5.0087442	4.944747
u110	CLEC4G	2.7341034	2.9123507	2.982668	2.5901217	2.5533218	2.3297663
u111	CLSTN2	3.5073416	3.300851	3.924393	2.868655	2.258031	1.1537476
u112	CLTC	3.7268286	3.2880907	3.3045902	3.095661	2.6726584	2.5686145
u113	CNN3	5.0462475	4.68977	4.66718	4.341195	4.543057	4.31576
u114	CNST	4.5614076	3.9385986	4.3642397	3.4140196	3.1209996	3.4053335
u115	CNTN3	4.456271	5.12646	3.527623	2.885682	0.8907456	3.1773272
u116	COL16A1	6.529744	5.6164494	5.6285477	4.9244432	5.0111833	5.097007
u117	COL23A1	10.282174	10.2137375	9.89649	9.5454855	9.628975	9.6173935
u118	COL28A1	3.3154924	3.6423368	4.3992157	2.8516777	3.159504	2.846055
u119	COL4A3	4.5315256	4.296077	4.559912	3.9654512	2.9063323	3.619754
u120	COL6A2	12.071972	11.112057	11.297307	10.74913	10.611552	10.935068
u121	COL6A3	5.4339147	5.789186	5.6213627	5.2859063	5.1079655	5.258334
u122	COL9A1	3.6490276	3.5921998	3.905611	3.4129114	3.4214096	3.1579692
u123	CPT1C	5.4935117	5.0611916	4.4902043	4.413938	3.9212646	4.241359
u124	CREG2	3.4757388	3.7428896	3.4577985	3.0011816	3.2294207	2.7886539
u125	CRIPAK	3.7322457	4.1618233	4.2272735	3.7598033	3.4518638	3.3173914
u126	CRISPLD2	7.8838863	8.256649	7.629191	7.2666106	6.813614	7.015607
u127	CRYGN	1.7836215	2.360155	2.6701012	1.4948381	1.11681	1.8040327
u128	CSF1R	4.862929	4.990461	4.796026	3.7919283	4.3468275	4.2198143
u129	CTH	4.1425233	3.779064	3.9148908	2.9645023	3.3231416	3.7025657
u130	CTPS2	7.0206957	6.5079665	6.2735887	6.1236157	6.0307856	5.798754
u131	CTRB2	13.139945	13.178392	13.060329	12.937654	12.439021	12.719632
u132	CXCL16	4.7092695	4.836528	4.831211	4.6201534	4.2908072	4.0570354
u133	CXorf23	4.855883	5.0698514	5.2655	4.71244	4.6973863	4.484013
u134	CXorf38	5.732146	5.14847	5.218169	4.758978	4.209776	4.8873158
u135	CYB561	3.3184319	3.7626522	3.339604	3.0050728	2.9288816	2.9026458
u136	CYFIP2	7.67968	6.9535503	6.4782505	6.4177127	5.875614	6.1337814
u137	CYGB	16.757265	16.746872	16.573677	16.444792	16.028894	16.429983
u138	CYP1A2	4.3726983	3.873489	3.8777094	3.583118	3.5608199	3.602026
u139	CYP27A1	5.272206	4.6874113	4.531439	4.1199255	3.5721006	4.1852374
u140	CYP2B6	9.573236	9.052072	9.1883335	8.918809	8.857832	8.64854
u141	CYP7B1	7.0717983	6.9834557	7.20235	6.822317	6.505912	6.270732
u142	CYYR1	3.1401262	2.5244942	2.13433	1.7198918	0.9913692	0.9961535
u143	DAAM2	9.112639	9.067075	9.563055	8.819972	8.536085	8.627779
u144	DAK	4.1695294	2.8145425	3.6508527	1.0968819	2.2144313	2.1528766
u145	DCLK1	7.230441	6.686955	6.5315876	6.3131	5.140546	5.900541
u146	DCTN5	3.68181	3.7009196	3.0365891	2.671048	2.64115	2.8409827
u147	DDB1	3.256785	3.988401	3.6031754	3.134967	2.8550396	2.995946
u148	DDR1	6.7494197	6.6174307	6.5901785	6.0331864	6.350232	5.9933934
u149	DDX26B	4.319934	3.8505147	3.6903958	2.608333	3.2857082	2.757359
u150	DEPDC5	1.1350131	1.7877824	2.0721772	0.911435	0.900049	0.93660647
u151	DHDH	3.230875	2.4039798	2.076377	1.9210106	1.033458	1.0165961
u152	DHX36	3.6757987	4.030679	3.452612	2.4718544	2.7107823	2.8967578
u153	DICER1	4.7382174	4.8202558	4.4327264	3.723566	3.951794	3.818347
u154	DIS3L2	3.6309164	3.6111073	3.0813775	3.0791068	2.9204855	2.7976456
u155	DLG2	2.1880958	2.3796816	2.1677196	0.92132175	0.797911	0.7974567
u156	DLK1	6.714147	7.322526	7.6124377	4.0559635	6.1582575	5.8079724
u157	DMXL2	4.10789	3.7480989	3.839985	2.889772	3.6687248	3.3448913
u158	DNAH12	3.071055	3.5374856	4.013618	2.887023	2.036892	2.079553
u159	DPF1	7.0480003	6.913562	6.9086766	6.614211	6.5139666	6.5264087
u160	DPY19L1	5.7484503	5.4582086	5.4994526	5.182686	5.257478	5.1095924
u161	DST	6.791677	5.928555	5.793082	5.471509	5.492107	5.220567
u162	DUOX1	4.181102	3.935071	4.3102984	3.3452592	3.5467963	2.9188461
u163	DUS3L	3.710497	3.7950747	3.8774223	3.364736	3.3342195	3.487197
u164	DYNLT1	4.9570107	4.945954	4.999337	4.6604376	4.5290046	4.358597
u165	ECM2	4.554019	4.2970366	3.5750804	3.6010554	2.537408	2.9252472
u166	ECT2L	3.2887022	3.611434	3.6749563	0.97972196	1.6434584	2.6881495
u167	EDIL3	7.4255466	8.146319	8.12192	7.3273554	6.849315	6.665461
u168	EFHD1	8.533727	8.271576	9.082873	7.8496256	8.050602	7.708988
u169	EHD1	3.1214545	3.982645	4.179016	1.8551288	2.8135521	3.019854
u170	EID3	4.043269	3.934786	3.581744	2.5292978	3.6041322	2.8184063
u171	EIF4G3	7.5835514	7.1454782	7.4070573	6.936264	6.9661984	6.743656
u172	EIF5	5.0050697	4.5413804	4.013891	3.269481	3.8116555	3.8893614
u173	EMILIN3	10.375019	10.15073	10.148573	9.702341	9.839502	9.916231
u174	ENO2	2.9784417	2.6400428	3.6890237	2.2657382	2.2683578	0.8461432
u175	ENPP5	6.1445537	5.7066054	6.657605	5.703734	4.961944	5.3530655
u176	EPHA7	5.1648884	4.529073	3.9944057	3.902906	3.400847	3.805846
u177	EPS15	8.771868	8.5057125	8.278602	8.081634	8.081807	8.061552
u178	ETV1	4.7566996	3.6473293	4.024041	2.7688973	2.8987024	3.527623
u179	EWSR1	6.503547	5.9376764	5.785775	5.3404794	5.25067	5.33846
u180	EXD3	3.9770525	3.3163192	4.152056	3.239648	2.449486	3.0305762
u181	F2RL2	4.2444215	4.062149	4.256426	3.8927886	3.2183788	2.3706918
u182	FAM117B	5.818415	5.730322	5.311121	5.1319604	4.937586	4.81859
u183	FAM120A	4.0436177	3.8006213	3.7849848	2.8862698	3.4153502	2.6349347
u184	FAM120C	4.3870583	4.2497115	4.46761	4.254653	3.8221467	3.7394662
u185	FAM122B	5.134045	5.251457	5.2650394	4.9165463	4.721869	4.708336
u186	FAM122C	2.7560678	2.5632882	2.8300614	1.8858818	1.6619623	1.7060959
u187	FAM149B1	4.71244	5.0617003	4.9586854	3.9616487	4.3182483	4.539458
u188	FAM230A	2.4763637	2.280591	2.440799	2.2836297	1.6384046	1.788709
u189	FAM69A	3.4866357	3.851027	3.424222	3.3386936	3.1268425	2.8707259
u190	FANCD2	3.9854267	3.08424	3.048277	1.8096222	2.6021876	2.546282
u191	FBN1	2.1118653	2.0890172	2.0636697	1.0900362	1.025157	1.0464382
u192	FBRSL1	6.2219644	6.183486	6.3224125	5.6793876	5.642625	5.4073687
u193	FBXW2	3.6622612	3.4030871	3.7777867	2.0087242	3.054311	2.6008496
u194	FGF17	2.3663323	2.8732884	2.4600286	2.2792678	1.8005745	1.3654999
u195	FHL3	7.7225833	7.3030915	7.8130407	7.247117	7.095064	7.2449427
u196	FKBPL	2.5700526	2.0482588	2.3205798	1.9258907	1.0928806	1.0967469
u197	FLJ41455	2.7363043	3.5738378	2.2002969	0.96267056	1.6883798	1.7584648
u198	FMNL1	6.3098307	6.3218646	6.424535	6.0931287	5.8161607	5.5553756
u199	FNDC1	9.080709	7.7590227	8.1872425	7.439712	6.819255	6.296642
u200	FOXJ1	2.2583601	2.868015	1.830608	1.4646387	0.80129266	0.80933154
u201	FOXP1	8.189588	8.002296	7.9202456	7.8589053	7.561935	7.4870486
u202	FRMPD1	2.2664847	2.1292768	2.7416122	2.037793	0.8222532	1.2086794
u203	FSHR	2.9910607	3.7063348	3.418204	2.9231915	2.0974064	1.1395094
u204	FSTL1	8.328487	8.108503	8.381336	7.6258183	7.9662685	7.898777
u205	GAFA1	4.285789	3.9313092	3.8544197	3.1166153	2.6809053	3.1665342
u206	GALNT12	2.6440282	1.9642682	2.3087504	0.8741761	0.871515	0.8955051
u207	GAPT	6.2615685	6.232799	6.4248414	5.7637424	5.9162498	6.099207
u208	GATAD2A	2.2103655	2.4378502	1.8639206	1.1351805	1.1307733	1.6777639
u209	GCN1L1	5.8731246	6.149294	6.1514425	5.1778083	5.658127	5.6836596
u210	GIT2	5.1147075	4.839162	5.355489	4.039353	4.605089	4.251752
u211	GKN1	2.0536098	2.9017658	2.677279	1.6171356	1.0809318	1.33169
u212	GLDN	2.520071	3.7740178	4.991378	1.0228808	1.5023097	1.2268848
u213	GLI3	4.8001456	4.1747136	4.030679	3.2553658	3.5835814	3.2664604
u214	GLT8D2	8.655797	7.999157	8.017683	7.6454153	7.2809606	7.248357
u215	GNAI3	5.0857935	4.910962	4.8582315	4.1259956	4.4351187	4.376782
u216	GNG2	4.505223	3.5341065	4.2100782	3.209281	3.4649289	2.464118
u217	GOLGA8K	4.3383374	3.9726398	3.8063943	3.7316751	3.105658	2.533233
u218	GPCPD1	3.7622972	3.5232089	3.044258	1.1207106	1.5930618	1.1023028
u219	GPM6B	3.9787416	3.7466998	3.8828976	3.294929	2.4914324	3.2493887
u220	GPR143	2.5289028	2.2255023	2.5222433	0.9169774	1.9683926	0.96366626
u221	GPR64	3.5029933	2.6642795	2.4349165	1.1332831	2.3204002	1.1302385
u222	GPT2	5.15603	5.263424	5.8784013	4.4955277	5.1312304	4.4044886
u223	GRIK5	5.5844984	5.402218	5.6029024	5.026277	5.1400332	5.0411654
u224	GSG1	4.350194	4.8578014	4.849076	4.109395	4.267761	3.9902098
u225	GUCA1B	3.5699801	3.7519429	3.6743472	3.0722587	3.3469112	3.0097733
u226	GXYLT1	4.484611	4.777518	4.4675374	3.958042	4.2907033	3.9631534
u227	HAS2	3.1215177	2.6128356	2.7830348	0.9994581	0.970729	2.5315762
u228	HCLS1	9.601139	9.41206	9.263059	9.074002	8.961456	9.069949
u229	HCN4	6.3095393	6.2280083	5.9076476	5.103312	5.6929846	5.482433
u230	HFE	3.0101893	3.134381	2.675077	1.9352831	2.4973457	1.1352168
u231	HHIP	3.60012	2.9989524	2.4893222	1.5505849	0.8315874	0.8441453
u232	HHIPL1	3.4020143	2.9646337	2.3434978	1.0973346	1.8817261	1.6235257
u233	HIST2H2BA	2.538936	2.3397071	2.4930644	1.1042515	1.1237047	1.1468794
u234	HK1	9.781107	9.301529	9.664874	9.328239	9.105417	9.160366
u235	HMGB4	5.681145	5.301791	5.7160826	5.3076277	5.0694737	5.0586686
u236	HMGN1	9.466116	9.263349	9.621917	8.814236	9.180093	9.111902
u237	HSPA5	4.9798098	4.9752245	4.952488	4.409568	4.0848327	4.6913896
u238	HTRA3	9.373713	8.171095	8.306934	7.698757	7.5897026	7.795275
u239	HYDIN	2.9374752	3.3083472	2.5253103	1.5468283	1.4702663	1.8934101
u240	IFNA2	2.7618792	1.8243563	2.4467247	1.129258	1.0949886	1.1380812
u241	IL17D	3.4583921	2.6119347	1.7767028	1.7733922	1.1008722	1.1307273
u242	IL17RE	8.081634	8.29467	8.240309	8.055897	7.4108963	7.5300407
u243	IL1RAP	4.600136	4.378352	4.591894	3.7561734	3.5272393	4.2659583
u244	IL2RG	9.653813	9.564367	9.577737	9.320926	9.097188	9.107939
u245	INTS6	5.8116603	5.7550797	5.6717243	5.262589	5.244453	5.5697765
u246	IPMK	3.1255362	2.7943313	3.255486	2.7608752	2.2582226	1.9375892
u247	ISPD	2.070167	2.6142745	1.8851978	0.8429687	1.8971229	0.84394443
u248	ITPR2	6.9176764	6.63346	6.760976	6.4847555	5.586101	6.2568455
u249	JAM3	7.129718	7.0448403	7.339758	6.57971	6.429989	6.6553917
u250	JAZF1	5.105012	5.4202256	5.1698403	4.9320745	4.849468	4.7666054
u251	KANK3	10.585321	10.215555	10.308289	10.135936	9.8598175	9.878435
u252	KANSL1	4.664721	4.5873666	4.4559927	4.0101604	4.1060834	3.8217134
u253	KAT7	2.1621099	2.100425	3.1413312	0.79382235	1.4855235	0.8352101
u254	KAZN	5.0291367	4.6075306	4.7933006	4.557926	3.7317553	3.7192607
u255	KCNA6	5.554304	4.7686744	5.815588	4.6158996	4.503174	4.5383606
u256	KCND1	3.4038937	3.173316	2.8428874	2.384499	1.628578	1.8332071
u257	KCNJ3	2.1209261	2.6162999	2.9444945	1.729518	1.844365	1.5754937
u258	KCNK1	4.9607706	5.3574896	5.780195	4.5043454	4.7760005	3.6900349
u259	KCNK6	5.471917	5.7588778	5.1904373	4.0368576	4.6540356	4.8515005
u260	KCNMA1	3.7194755	4.2775087	3.329256	2.0323336	2.4182935	3.191101
u261	KIAA0754	3.4103518	2.7962286	2.4489787	0.818521	2.39951	0.81458795
u262	KIAA1147	4.29175	3.993742	4.3968334	3.7305007	3.9111645	3.1227255
u263	KIAA1161	11.158943	10.8184395	10.807685	10.35492	10.420899	10.437502
u264	KIAA1598	4.760216	4.815827	3.6137447	3.180311	3.7326884	2.9790246
u265	KIAA1731NL	2.4502473	2.8353543	1.9864088	0.93084234	1.5115421	0.8988432
u266	KIF19	1.6370999	2.9409313	3.0894647	1.1813372	1.1525613	1.126362
u267	KRBOX4	2.6649146	2.7403154	2.7551546	1.0921329	2.1486936	1.2628938
u268	KRTAP9-4	3.9311135	3.0786006	3.4332852	2.629169	2.7641685	2.9221954
u269	KYNU	3.3419876	2.5625703	2.301237	0.8598495	0.98930323	2.0584407
u270	LCE2D	1.5688416	1.8054731	2.4497478	0.8617783	0.95177287	0.8970216
u271	LDHAL6A	12.907615	12.392778	12.412259	12.073591	11.989543	12.015733
u272	LEFTY2	7.8455625	7.7210293	7.8240767	7.6081424	6.744196	6.8210635
u273	LEKR1	2.2321422	1.9685357	2.839823	0.8373979	0.8180615	1.6867536
u274	LEPROTL1	10.293474	10.145419	9.804473	9.465716	9.613588	9.646992
u275	LGALS7	6.064511	5.8405695	6.483457	5.7702775	5.2419167	5.1723537
u276	LIF	4.6536446	3.4571419	3.674491	2.542094	2.5570738	3.2411149
u277	LINC00493	8.94095	8.706702	8.885163	8.176304	8.375098	8.364643
u278	LINGO1	5.348482	4.5233793	4.508376	4.094033	4.045923	4.1222134
u279	LIPF	1.6335567	1.8529047	2.4521239	1.6146716	0.9899168	0.99115324
u280	LMTK3	2.4406693	1.312606	1.711275	0.858594	1.2321308	0.8428821
u281	LNP1	4.512126	4.003051	4.262059	3.790687	3.92867	3.7678971
u282	LOC100128075	6.220081	5.7035065	5.6642957	5.5134497	4.8710546	5.3429956
u283	LOC100128668	2.565322	2.7874098	2.052192	1.4950863	1.1947795	1.2181058
u284	LOC100129275	5.2004204	5.062145	5.4165382	4.522057	4.658599	4.733194
u285	LOC100129900	3.8287425	4.1631746	3.4428225	3.0480676	2.3771088	3.0730405
u286	LOC100130357	1.7166082	1.5043871	1.7761636	1.3436062	1.1003456	1.045608
u287	LOC100130451	3.2304864	3.175193	3.5384583	1.8419223	2.5414495	2.264185
u288	LOC100130880	2.293957	1.8941748	1.4294773	0.8604665	0.8726988	0.8365015
u289	LOC100131826	3.0159564	1.922905	2.4103236	1.0856063	1.0765951	1.0673152
u290	LOC100288842	5.12767	5.1229553	5.4442983	5.0174193	4.884791	4.6332827
u291	LOC100505549	1.646695	1.4733062	2.2401216	0.8431805	0.84990335	0.85864043
u292	LOC100507209	3.9140837	4.196648	3.6625283	3.5078192	3.086821	3.1685944
u293	LOC100509780	1.9661748	1.468016	1.7565634	0.83769923	0.8777027	0.8705782
u294	LOC101929076	1.9768854	1.5267768	1.4013947	1.0771731	1.0418698	1.0724229
u295	LOC153811	8.503259	8.164776	8.512374	8.158624	7.8076615	7.9780583
u296	LOC650293	5.19153	4.828217	5.9157944	4.1964684	4.239101	4.8449783
u297	LOC728392	6.0867033	5.7597466	5.5878053	5.156379	5.3511014	5.5162606
u298	LOC728554	10.468475	10.48338	10.604223	9.868094	9.960258	10.069532
u299	LRRCC1	4.5211124	4.3775563	4.2779517	3.8984504	4.014512	4.0378385
u300	LRRK2	3.5934792	3.8755171	3.7016644	2.4216454	3.0270565	2.9254212
u301	LSG1	4.230399	4.198448	4.45336	3.7855182	3.1778388	3.6761742
u302	LZTS2	13.142973	12.8216095	12.873385	12.473642	12.370121	12.552167
u303	MAB21L1	4.8090534	4.6523824	4.7293606	3.7485113	4.307126	3.5948684
u304	MACF1	8.392477	8.219462	8.167839	7.9687643	7.9249973	7.6020436
u305	MAD1L1	2.3022118	2.3958986	2.288754	1.1620531	1.3849896	1.5730304
u306	MAGED4B	5.0320954	3.4988532	2.6413405	2.0493264	1.5969611	1.3653398
u307	MAP1B	7.089999	6.6826653	6.732047	6.565567	5.6301584	5.844418
u308	MAP6	7.4332123	7.65675	7.691794	7.1078405	7.1205807	7.3218603
u309	MAPRE2	5.1548853	5.5730295	6.8731236	4.1743393	4.9502196	4.354102
u310	MAST4	4.3729777	4.4211416	3.7014194	3.0862343	2.3131201	3.1844914
u311	MBL2	2.2838345	2.7703736	2.4742146	1.0887628	1.0654743	1.8916863
u312	MCEMP1	5.542159	5.583352	5.4201713	4.983716	5.1411777	5.2543983
u313	MDGA1	4.5290046	4.0005736	5.007546	3.383708	3.6819584	3.7225885
u314	MGAT4C	5.7837434	5.345879	5.298947	4.466259	4.04552	4.8319983
u315	MGC24103	2.5656698	1.2614001	2.6730044	0.8325343	1.2200279	0.82511854
u316	MIA	5.0361257	5.2335396	4.6244783	3.773796	2.1633155	3.25211
u317	MINPP1	6.2278676	5.8157506	5.7038355	5.6437984	5.281455	5.250545
u318	MITF	6.155201	6.139086	5.899088	5.7381663	5.2503076	5.509038
u319	MKL2	6.2108526	6.857789	6.193286	5.8413734	5.5694785	5.653722
u320	MMP2	5.4433255	4.260769	4.2971234	3.425438	3.4563653	3.4661098
u321	MOBP	2.5770102	3.2435324	3.2994752	2.2037315	2.3075235	2.5945232
u322	MOK	4.045044	3.5358663	3.1161325	2.3853931	2.109341	3.008927
u323	MORF4L1	6.3216023	5.9698844	5.93711	5.603818	5.656309	5.546982
u324	MPRIP	4.3426056	4.668187	4.319053	3.9626577	4.006727	3.5514097
u325	MRC2	10.763095	9.968464	9.921757	9.711677	9.045956	8.7020035
u326	MS4A1	3.9466984	4.244467	3.689327	3.4764051	3.254766	3.3759246
u327	MS4A4E	3.7882173	3.6085675	2.9509335	2.4046626	1.7465863	3.050102
u328	MUC20	2.1889758	2.3854675	2.4177382	1.1074368	1.0753385	1.7371998
u329	MUC6	5.857894	5.2109385	5.1629176	4.81709	4.540461	4.7875123
u330	MYF5	3.5407283	3.3344595	3.3206372	3.069913	3.0760782	2.5728927
u331	MYLK	6.139086	5.61713	5.857221	5.5091887	5.3854284	5.2997065
u332	MYLK4	3.2273529	2.8869052	3.7887824	2.7150164	1.763137	2.6234171
u333	MYOCD	9.137511	9.138488	9.160208	8.407955	8.922617	8.870267
u334	NBEAL1	5.275666	5.1761875	5.230035	4.8540196	4.7160373	4.403087
u335	NCKAP5	5.251523	5.0337915	4.946613	4.243768	4.015553	4.2184014
u336	NEB	4.803169	5.741598	5.0520024	3.9085836	4.62283	2.7250862
u337	NEK1	6.7801538	6.6209106	6.5026846	6.253408	6.0964413	6.29082
u338	NES	11.044003	11.526438	11.324148	10.153315	10.760315	10.372118
u339	NEUROD2	3.1667604	3.5538578	3.2426083	2.9850445	2.0117111	2.565322
u340	NKAIN3	3.4376688	3.019072	2.297974	1.9195907	2.2469866	1.6485652
u341	NLRP11	2.0914335	1.4044902	2.427944	0.87192607	1.2161466	1.3241799
u342	NNT	2.2263165	2.487131	3.1166515	1.0878243	1.054353	1.0790393
u343	NOTCH1	12.266723	12.512157	12.445296	12.193583	11.821315	12.023816
u344	NPAS3	1.8451415	1.6714786	1.8178886	0.96813303	0.9168246	1.0752385
u345	NPM2	2.1820755	2.4651997	2.662973	1.7382247	1.009906	0.94837934
u346	NPTN	4.777363	3.8927886	3.9540665	2.9065042	3.4200068	3.2259467
u347	NPW	3.5982974	2.9343436	3.5769484	1.3764559	2.1448133	1.9139224
u348	NR1I3	3.4790764	3.2760751	3.8374634	2.6538656	1.0541549	2.552322
u349	NRK	2.8150911	3.7705765	2.1140635	2.0755713	1.1409171	1.3091562
u350	NRXN1	4.4979453	3.1771505	3.862716	3.1142578	2.5771313	1.5551367
u351	NSMCE2	4.3173394	3.9206443	3.6715899	2.991199	2.6953063	3.3571653
u352	NTM	3.6966717	3.2141936	2.4560041	1.8411736	1.1631296	1.7636914
u353	NTN1	5.0021777	4.6487265	4.449958	4.352007	3.835085	4.0134583
u354	NUPL2	13.275994	12.913938	13.072066	12.706468	12.647107	12.654279
u355	NXF1	3.7913752	3.5211687	3.599925	3.00064	3.111095	3.3780146
u356	OGFRL1	6.6761513	7.287438	6.891653	6.554136	6.1239886	6.3975487
u357	OR10H5	1.7245424	1.8315203	2.4405327	0.9188035	1.3729949	0.8997976
u358	OR2AT4	2.1335425	1.5847132	2.6042929	1.0366411	1.1550874	1.0268509
u359	OR51A2	2.9387498	2.7696233	2.5986006	0.9547907	2.1133595	2.076679
u360	OR51G2	4.839834	4.9644017	4.8526435	4.36317	4.353551	4.3748727
u361	OR51I1	4.1517563	3.8469822	4.4771147	3.4745653	3.5591993	3.684335
u362	OR52K2	6.7485695	6.3700204	6.926135	6.03369	6.3135195	6.2757273
u363	OR8H3	4.3377576	4.118498	3.4184356	3.100004	3.101782	3.0484238
u364	OSBP2	8.0868225	7.3273554	7.5582485	6.7249146	7.249427	6.592588
u365	OSBPL5	7.059601	6.978355	7.0481396	6.622336	6.449783	6.7523193
u366	OSGIN2	6.3412123	6.147818	6.031881	5.883517	5.3802066	5.5594945
u367	P2RX2	6.988671	6.5453463	6.6620784	6.314375	6.164626	6.0908737
u368	PAG1	5.724154	5.679302	5.1804338	5.1244	5.1170654	4.997187
u369	PAICS	2.537623	2.3166163	2.3998227	2.0437722	0.8526019	1.6196406
u370	PAK1	5.7467113	5.0023026	4.988866	4.529911	4.6031866	4.6580033
u371	PANX1	5.8687863	6.2882786	5.7814736	5.468478	5.27376	5.209738
u372	PAPD5	1.3844858	1.60794	2.4012997	0.8443617	0.84821784	0.8589309
u373	PAPL	12.570708	12.309172	12.382948	11.776736	11.959778	12.037648
u374	PARD3B	6.5441813	6.5295825	6.1318326	5.883434	5.979433	6.0153403
u375	PAXBP1	6.192867	5.984275	5.9517837	5.360991	5.356637	5.77673
u376	PBX3	5.708564	5.4146724	4.975864	4.4081726	4.7708225	4.4322524
u377	PCDH8	2.4285307	2.1674826	2.073845	0.8247757	0.79948187	0.8074102
u378	PCDHB6	3.6344397	2.3911216	3.0412016	1.1095883	1.0913188	2.0245097
u379	PCDHGA8	2.6671457	2.9564824	3.1486661	2.1988063	1.3670957	1.1022302
u380	PCOLCE2	5.1101723	5.30809	4.841289	4.7566996	4.7397966	4.5885096
u381	PCSK6	7.129923	6.5881257	7.1635914	6.1058292	6.062688	5.949919
u382	PDE2A	7.036715	7.248008	7.5685196	6.5787144	6.535567	6.9694786
u383	PDE4D	3.4261296	4.6693316	3.3030217	1.5037606	3.250037	1.8646739
u384	PDE9A	8.758727	8.796731	8.693931	8.16031	8.224316	8.663376
u385	PDIA2	1.6500759	1.4982028	2.387546	0.79370695	0.8446752	0.8320587
u386	PDIA3	12.382948	12.258233	12.085639	11.728608	11.734276	11.922887
u387	PDPN	10.020585	9.871172	10.109167	9.266838	9.814716	9.557644
u388	PDS5A	2.9223354	2.7154698	2.799394	1.8824569	2.5498607	1.8713491
u389	PHACTR2	2.153367	3.230938	2.045271	1.0087682	1.8197669	1.4763355
u390	PHF20L1	3.444032	3.4567416	2.4111512	2.421787	1.7640867	0.8726616
u391	PHLDB2	4.9155436	5.1057487	4.5782514	4.400881	3.9861045	3.054311
u392	PIRT	1.602277	1.2719462	1.6631112	0.9011285	1.0397623	1.0022774
u393	PKD1L1	3.7702198	4.9651837	5.0776963	3.0854664	3.9726398	2.3411496
u394	PKD2	3.5721006	2.6492507	3.2822108	1.9970274	2.3813484	2.2626848
u395	PLCB2	5.5502596	5.342349	5.0843587	4.877021	4.915362	4.585269
u396	PLEKHG4B	5.623085	5.4364944	5.4249787	5.05002	4.8372664	5.166369
u397	PLEKHH1	6.6108146	6.302306	6.5979304	6.0701237	6.0697856	5.9337935
u398	PLG	6.4812045	6.267358	5.482548	5.080686	5.470621	5.409809
u399	PLGLB1	4.6428485	4.6931343	3.9480546	3.9186876	3.7603452	3.582101
u400	PLP1	4.099234	3.7398055	3.8060527	3.1949174	2.686433	2.632667
u401	PLXDC1	7.7623844	7.626985	8.002499	7.319207	7.3309116	6.5509377
u402	PLXNA4	2.4585478	2.9859235	2.150083	1.6507273	0.91167986	1.8011143
u403	PMEPA1	4.310427	4.2429953	4.7659993	3.8247526	3.8532288	3.2100854
u404	PNMA2	4.096987	3.7166574	3.941508	2.6077325	2.0777154	3.5877557
u405	PODN	7.2162533	7.261621	6.9523487	6.773562	5.694025	6.082242
u406	POLN	2.491866	2.8522456	1.6611909	1.0694392	1.0927614	1.6617068
u407	POLR3G	2.5153809	1.2509359	1.9564811	0.86041725	0.97407675	0.91443896
u408	POU5F1	4.1000547	3.289731	4.540441	2.6463103	2.441636	3.092139
u409	PP12708	3.146687	1.979871	2.4168842	1.3990729	1.0261773	1.1874276
u410	PPIP5K1	2.8662767	3.4391112	3.4765043	2.8418956	1.7481892	1.5651796
u411	PPM1K	7.38443	7.6581464	7.6033864	7.1287255	6.6752253	6.700946
u412	PPP1R21	5.354822	5.895439	5.365725	5.0559754	4.9708824	4.909255
u413	PRICKLE2	6.4736543	5.766218	5.6539526	5.5426173	5.0533886	4.9315004
u414	PRKAR2B	8.854852	8.792812	8.743716	8.229038	8.347071	7.991147
u415	PRKG1	7.4013567	7.4378877	7.543611	7.310885	6.9388533	6.853473
u416	PRMT2	6.698147	6.4550447	6.4540854	6.251055	6.267048	5.9468737
u417	PRO2012	4.433343	4.5202804	3.7809482	3.6345692	3.1472242	3.5120144
u418	PRRC2C	4.6723003	4.151002	3.5245001	3.1464794	3.1761217	2.4701166
u419	PTGFRN	8.694143	8.786812	8.8214035	8.227435	8.127978	7.566757
u420	PTN	10.269678	10.0814085	9.520794	9.398756	8.84772	8.717722
u421	PTPRZ1	4.9812665	3.9833496	4.082344	3.344221	2.2996662	3.389948
u422	QKI	3.680474	3.4706423	3.7187712	3.2577488	2.7798917	2.1505783
u423	R3HDML	6.099689	6.1203356	6.191657	5.424193	5.648428	5.865951
u424	RAB23	9.322775	9.403016	9.004463	8.851483	8.769683	8.678291
u425	RAB33A	4.445139	4.4287167	4.3028154	3.9005527	3.9152555	4.139485
u426	RABGAP1L	11.783866	11.331534	10.940602	10.615135	10.704145	10.647976
u427	RAD54L2	4.5009356	4.6248746	3.8345115	3.6718986	3.7177012	3.5726933
u428	RALGPS2	3.6737561	3.2583127	3.5234375	3.1209	2.9424968	2.7858832
u429	RAPGEF6	3.0983224	3.1200628	2.225936	1.3953702	0.7981646	0.8010081
u430	RARB	3.6393547	4.4526844	4.0295086	3.1453934	3.2209444	3.2071333
u431	RASAL2	8.801142	8.982185	8.802043	8.11984	8.516984	8.467825
u432	RBM39	6.922208	7.242814	7.1898794	6.7176504	6.697329	6.6161904
u433	REC8	3.4885488	3.4583066	3.884254	3.1413312	3.204236	3.1101844
u434	RECQL5	2.431254	2.3686202	2.3039079	1.2178416	1.467048	2.2457612
u435	REPS2	3.5431972	3.0789132	3.2147744	2.1875172	1.0482774	2.7801201
u436	RGS11	5.5931344	5.384075	5.825913	5.2601542	4.892995	4.8976216
u437	RGS14	5.545083	5.262512	5.492818	4.771003	4.3862505	5.0004187
u438	RGS20	3.2000763	2.0267997	1.9641823	0.8706714	1.1861049	0.8794017
u439	RGS22	2.899014	3.2849488	2.7261992	1.1810133	1.2177504	2.1986783
u440	RGS4	6.166348	5.838826	5.3601623	4.622774	5.002407	5.0195537
u441	RIMS2	3.3921313	3.7373605	3.1627717	3.0185256	2.6902747	3.0789132
u442	RNF103	5.271878	5.4598503	5.054263	4.1734896	4.8297157	4.693312
u443	RNF157	5.6616573	5.4674397	5.6807036	4.8488235	4.905046	5.160344
u444	RNF165	4.9699383	4.4174438	4.555771	3.1607227	4.439928	3.2534816
u445	RNF212	2.995946	3.432329	3.053295	1.7827911	1.8386005	2.2717466
u446	RNF34	4.643603	4.771309	4.5933323	4.2000575	4.1638126	4.0413938
u447	ROCK2	6.5129404	6.961624	6.721219	6.4884253	6.2639866	6.0710163
u448	RPS21	3.2777724	3.6858025	3.9396653	3.1512446	2.6096005	2.9610054
u449	RQCD1	5.6356597	5.552549	5.1866426	4.9805293	4.756004	5.1608243
u450	RRP12	2.618164	1.9606735	1.884252	1.2517651	0.8443286	1.5215367
u451	RTF1	2.620781	2.6737988	1.654277	1.3971355	1.2813234	1.3517786
u452	S100B	4.9910326	4.1007433	5.2314186	3.8682377	3.138335	3.8262534
u453	S1PR3	7.723531	7.0771008	7.7803836	6.952919	6.956581	6.9156494
u454	SACS	6.5139666	6.4804606	6.628265	6.2074623	5.6459975	5.6811895
u455	SAG	5.9256525	5.6659064	6.0524583	5.4643292	5.369767	5.5118723
u456	SAMD12-AS1	1.6171951	2.357642	2.6849852	1.173903	1.6308811	1.1215765
u457	SAP25	2.7341857	2.4468753	3.4453945	1.1016812	2.1509929	1.6874459
u458	SCARA5	8.601973	8.342887	8.299503	7.5153084	7.3045697	7.7289205
u459	SCUBE2	7.149597	6.169498	6.6964374	6.004799	5.9115114	4.8738823
u460	SCUBE3	8.84772	7.7794237	7.9919977	6.675707	7.132629	6.8473854
u461	SDR9C7	2.948429	3.0444422	2.8506382	1.9967374	2.037734	1.659828
u462	SEPT3	2.0152075	1.4896474	1.6559968	0.8805095	0.86476576	0.85168624
u463	SERP2	2.1127126	2.4006362	2.6306968	0.8015157	0.8354517	1.790716
u464	SF3B3	4.525639	4.426302	4.3494725	3.538618	3.7702198	3.3508015
u465	SFT2D1	3.2284427	3.0291955	3.5669377	2.984182	2.1445105	2.595439
u466	SFTPA1	3.1606183	3.2136574	3.7195394	2.643143	2.8374188	3.0222776
u467	SGCD	8.662666	8.505407	8.401148	8.404842	8.035429	7.9863553
u468	SHISA5	5.0946856	4.1146317	4.076627	3.6660626	3.3936794	3.5460308
u469	SHROOM1	5.08229	5.047557	5.0891185	4.6819596	4.692962	4.492692
u470	SIPA1L3	3.0315895	3.1435635	3.6041868	2.2968922	2.5263734	1.9669358
u471	SKIL	6.9629803	6.6227345	6.78278	6.4128585	6.2033796	6.403825
u472	SLAIN1	3.3192074	3.3557353	3.6912458	3.2185764	2.8814106	3.017487
u473	SLC18A3	10.674124	10.415045	10.480569	9.978464	10.15242	10.286318
u474	SLC1A3	6.526646	6.800366	7.127589	6.0250006	6.320707	6.2290177
u475	SLC22A1	5.5491934	5.4867773	5.095642	4.794928	5.026602	4.872464
u476	SLC22A18	10.525742	10.619774	10.185033	9.8881445	9.928438	10.15142
u477	SLC25A16	10.112864	9.871705	9.881715	9.05053	9.47999	9.57182
u478	SLC25A53	5.769676	5.6555214	5.740517	4.98118	4.760554	4.93564
u479	SLC26A7	3.6540418	3.679482	2.6782205	2.7491791	1.3101782	1.9254574
u480	SLC2A8	2.8571668	2.7704663	2.5011215	1.9892498	0.8707042	0.84915537
u481	SLC2A9	4.8617396	4.60306	5.150652	4.4465523	3.8993707	3.9715197
u482	SLC32A1	5.9132624	5.6348486	5.33482	5.2464113	5.162064	5.1141267
u483	SLC38A2	4.8598704	4.944951	4.351924	4.060705	3.4593258	4.1593657
u484	SLC38A6	8.844932	8.59671	8.769394	8.509661	8.187388	8.024375
u485	SLC38A8	3.157807	2.904565	3.239274	1.9814663	1.7723281	1.8308132
u486	SLC5A7	3.827464	4.0351715	4.265603	3.1290193	2.6575625	3.7460928
u487	SLC7A7	3.8345115	3.485762	3.1425657	2.8324842	2.9862695	3.0844288
u488	SLC8B1	6.057759	6.1134205	6.185485	5.6150384	5.230969	5.6643834
u489	SLC9A4	10.820482	10.402317	10.321589	9.966857	10.167398	10.105071
u490	SLC9A9	4.2355995	4.13703	3.3344905	3.4683344	2.375127	2.8576481
u491	SLC9B1	2.5056334	1.5923243	1.6204062	0.88221335	0.9684081	0.89862674
u492	SLMAP	5.347642	4.976732	5.8974466	4.991555	3.8328512	3.94059
u493	SMOC2	8.457664	8.336228	8.345511	8.167655	7.618929	7.290282
u494	SNTB1	6.106382	5.975113	6.2433662	5.517135	5.536989	4.605695
u495	SNX29	5.534888	5.264585	5.118119	4.7686744	5.0015645	4.598677
u496	SORBS2	6.418235	6.381694	6.2971835	5.084022	6.0189905	5.8726974
u497	SOS1	7.446404	7.369662	7.318531	6.7956066	6.954235	6.908901
u498	SOX13	3.766652	3.7765422	3.8099384	3.0937605	3.6050937	3.5088778
u499	SOX5	3.9367723	4.0997605	4.37914	3.5839076	3.9383125	3.4319234
u500	SPAG11B	3.0844672	2.3321068	2.230326	0.9091757	1.7893399	1.1628534
u501	SPOP	4.460638	3.9051666	4.0484896	3.347725	3.1330354	3.5175452
u502	SPRR2D	4.979601	4.9786553	4.9207125	4.4861784	4.670268	4.502907
u503	SPTBN1	10.353972	10.298868	10.581718	10.109629	9.948129	9.678382
u504	SPTY2D1	4.06439	3.541371	3.6669514	2.3554072	2.5098224	2.7309592
u505	SRPK2	6.6483774	6.576454	6.3588758	6.26299	6.159137	5.991871
u506	SRRT	2.1866364	1.9105153	1.7151678	1.6019623	0.94636136	1.1599559
u507	SSUH2	6.3010855	6.593269	6.4194784	6.1514425	6.1236157	5.7521
u508	STAG2	4.6109624	4.506452	4.28285	4.1863465	3.3828325	3.833129
u509	STARD10	4.070836	2.9970455	2.8881931	2.5077546	0.9887031	1.8621975
u510	STARD13	3.899853	4.3108764	4.1331687	3.2945719	2.3411496	2.56949
u511	STATH	2.2776046	2.50887	2.9803822	1.1399753	1.0588102	1.0652719
u512	STAU2	6.7329216	6.36821	6.6983404	6.209071	6.073787	6.1114035
u513	STC2	1.691591	1.9988618	3.0743062	1.0614916	1.1142008	1.1017587
u514	STK36	3.1145034	2.891055	2.5110576	1.2767912	2.0485177	2.367016
u515	STK38L	4.1268034	4.2560935	3.30922	3.0206113	3.0202718	3.0044396
u516	STXBP5	4.7483735	5.1500816	4.8986006	4.3356667	4.6731505	4.3146715
u517	SUSD5	5.2402	4.7852707	4.795669	4.572169	4.586701	4.25447
u518	SVIL	5.1205773	5.32385	5.5741615	4.8247485	4.420275	4.4331527
u519	SYNGR1	3.4611106	3.1715524	3.3040617	2.6721475	2.4569874	2.9785464
u520	SYNPO2	3.7063348	3.6817539	3.223686	3.0887604	2.7710254	2.6260066
u521	SYT17	4.93749	4.0238843	4.4254837	3.5862885	3.5225837	2.3096426
u522	TAB3	5.126548	4.80606	5.021508	4.372264	4.3175945	4.749309
u523	TAF5L	5.2931027	5.226026	5.5330486	4.8433633	4.763727	4.9071407
u524	TAS2R10	4.718484	3.7496912	3.1451719	2.8178442	1.9084625	2.8502412
u525	TAS2R19	5.499935	5.1414433	4.6793847	4.1540833	4.1264367	3.6002452
u526	TAS2R8	3.0369296	2.1967356	2.354078	2.0139012	1.3529483	1.0122051
u527	TBC1D8B	3.977684	3.5284836	2.5472965	2.1081285	1.2651124	0.99326444
u528	TBK1	4.4190664	3.8374634	4.006727	2.9867969	2.814623	3.0327604
u529	TBRG1	3.075388	2.7109175	3.4133782	2.4476728	1.9507005	2.470727
u530	TCEANC	5.3586483	5.354549	4.8637223	4.6115103	4.7595177	4.634705
u531	TCF7	5.775028	5.699189	5.8172035	5.5519733	4.887469	4.6569157
u532	TCF7L2	2.2660735	2.6297107	1.8673277	0.94907683	0.9699229	1.3447945
u533	TCOF1	9.754209	9.6088705	9.694936	9.136127	9.231247	9.359253
u534	TEC	2.6664145	2.4710493	1.7290666	1.7596619	1.1981766	0.857587
u535	TENM3	4.124458	4.154442	4.193144	3.0820005	2.9295928	3.7144299
u536	TEX101	4.2272735	4.58267	4.3524942	4.046541	3.971224	3.5015154
u537	TGFB3	6.2720675	6.2146726	5.816739	5.8567824	5.34866	5.564079
u538	THBS1	10.296862	10.130867	10.293474	9.917877	9.71051	9.935196
u539	THBS2	5.7829523	5.5283937	4.2467337	4.167458	3.5454473	4.024266
u540	THEG	8.235325	7.681627	6.919328	6.7627745	6.5778213	6.5875773
u541	TIAM1	4.0847383	3.906652	3.558809	3.051474	3.0438964	3.2375236
u542	TIAM2	5.304848	5.3302517	4.840715	4.602868	4.690781	4.549231
u543	TM4SF20	1.4385082	2.4874837	2.1896734	0.84347284	0.81071514	0.82455796
u544	TMBIM6	3.5330064	3.1490707	3.1219018	1.9281931	2.392631	2.1529229
u545	TMC4	3.5626025	3.2718537	3.2288198	2.9065602	2.2804937	2.5770876
u546	TMEM106B	1.1570997	1.5342597	1.9421899	0.95063317	0.94458836	0.98887414
u547	TMEM14E	3.382311	3.987297	3.009722	0.99075574	2.7865586	1.7334211
u548	TMEM229B	7.899771	7.5217414	7.548444	7.2112947	6.972946	7.1959333
u549	TMEM95	9.854844	9.556154	9.865859	9.332096	9.473831	9.222533
u550	TMOD2	6.23804	5.768625	6.2639866	5.2027864	5.544416	5.33652
u551	TMPRSS4	4.4050417	4.9031	4.795226	4.1919837	3.9473963	4.0996933
u552	TNFRSF19	6.859908	6.654906	6.30462	5.9600387	6.016226	5.8169065
u553	TNFSF11	2.1835852	2.9070451	2.3486323	1.543155	1.7030197	1.0887401
u554	TNRC6A	6.2155733	6.1366835	5.770191	5.578977	5.5120654	5.723737
u555	TRAF5	4.8066573	4.7083526	4.308573	4.0935717	3.9110036	4.0463676
u556	TRIM50	4.404352	4.143326	4.065321	3.4904006	3.4636536	3.112097
u557	TRMT44	9.512477	9.320926	9.062138	8.767884	8.860104	8.937046
u558	TRPC6	6.293102	6.31476	6.1515594	5.952304	5.8820496	5.721381
u559	TRPV3	5.198259	5.421539	5.112849	4.4140253	4.537504	5.0221505
u560	TSPAN11	5.079422	4.400881	5.063811	4.083529	4.4031777	4.3203607
u561	TSPO	4.5695324	4.674652	4.3713655	4.3447165	4.120573	3.9318833
u562	TTC26	3.5237575	3.7603452	3.5649862	3.4363532	2.269111	2.5871248
u563	TTC3	9.660283	9.55382	9.652946	9.20674	9.222807	9.126829
u564	TTC9	3.2888327	3.9399345	3.7366982	2.7447383	3.2697752	2.4792047
u565	TTLL7	5.136449	4.5519214	4.408938	3.7615998	3.5611827	3.6154451
u566	TUBB2A	6.8559628	6.361911	6.9179587	5.891903	6.213548	5.7924633
u567	TULP4	4.261089	4.3912163	3.862482	3.7463124	2.9938538	3.2282138
u568	TWSG1	2.8517668	2.4247887	2.4415915	2.1706395	0.8871556	0.89705825
u569	TYW1	6.0964413	5.7322927	5.794148	5.453259	5.384819	5.6374464
u570	UBE2B	3.301024	3.079283	2.9568152	2.3387678	1.2520604	2.0423117
u571	UCHL1	2.2477186	2.877352	3.6966717	1.1218743	1.9809076	1.0602406
u572	UGGT2	5.424193	5.3154945	4.864638	4.920923	4.140098	4.4039774
u573	ULBP3	4.528471	3.9412575	4.45702	3.262931	3.2285602	1.4482596
u574	UNC13D	6.7717185	6.7322903	7.505914	5.8062005	5.892687	5.986987
u575	UNC80	8.319227	7.7144403	7.555049	7.054317	7.142041	7.2971396
u576	USB1	4.8212843	4.974401	5.2063837	4.7011795	4.429586	4.4700565
u577	USP6NL	3.7711923	4.2868624	4.17006	3.4206555	2.5597243	3.303375
u578	VCP	3.901448	3.6661053	3.4281664	2.893778	2.8538568	3.4245496
u579	VIPR1	6.6440644	6.129775	6.062055	4.9875503	5.492936	5.3683004
u580	VPS13B	3.1373932	2.8572807	2.7373412	1.8437941	1.4018977	2.6606746
u581	VWA1	2.2757401	2.7131658	2.3999126	1.7198297	0.909889	0.9470708
u582	WBP11	4.080183	4.005196	4.2666407	3.3676305	3.5331802	3.968304
u583	WDR78	3.00188	2.0813344	3.1071157	1.4398985	1.7812265	0.9598785
u584	WDR86	3.9627585	3.7988958	3.2801402	2.9894638	3.1677873	3.217965
u585	WHAMMP3	4.139226	4.317388	4.376629	4.068399	3.4838414	3.0491757
u586	WTH3DI	2.004036	2.38521	2.8689504	0.8571576	1.316309	0.8430065
u587	XKR4	5.3659625	4.991378	5.5530524	4.240597	4.0364647	4.357222
u588	XRCC3	10.811835	10.824209	10.760956	10.603155	10.538013	10.113192
u589	ZC2HC1B	5.710722	5.6473093	6.201283	5.355076	5.4448614	5.1064553
u590	ZCCHC14	6.559652	6.4194784	6.478052	5.8490386	5.8502336	5.9170012
u591	ZCCHC6	4.345897	3.4583921	3.4683344	2.7050087	2.7700975	2.7531426
u592	ZDBF2	5.9660654	6.0775943	5.805742	5.407797	5.1648397	5.280693
u593	ZKSCAN2	5.6338243	5.3343277	5.2202883	4.991954	5.091767	4.90363
u594	ZMAT3	6.2105536	6.001857	6.03369	5.789258	5.5352945	5.3612695
u595	ZNF107	2.5708365	2.7826276	2.567525	1.1176946	1.8327512	1.0251439
u596	ZNF182	4.3243794	4.689972	4.8906994	4.270114	4.069884	4.164873
u597	ZNF226	4.1543827	3.8744364	4.2409534	3.7420826	3.3419876	3.5641098
u598	ZNF248	6.9436374	6.592396	6.6375704	6.5084043	6.272137	6.1696587
u599	ZNF34	5.237895	4.7701073	4.6301208	4.3531785	4.4303446	4.1634135
u600	ZNF407	3.0875068	3.2859547	3.2322507	2.3790078	1.4085677	1.7081342
u601	ZNF507	1.4726696	2.059419	1.3000126	0.9547336	0.9975487	1.0082568
u602	ZNF518A	3.1232014	2.8808098	2.5925715	1.0953155	1.3707135	1.0875949
u603	ZNF519	6.298506	6.753619	6.2105536	5.9885015	5.763653	5.770191
u604	ZNF521	4.9406514	5.2122393	4.491282	3.96486	4.2974324	4.418193
u605	ZNF621	1.7851038	2.5158222	2.7090588	1.1788723	1.1175973	1.0868
u606	ZNF814	3.247612	2.714912	2.070167	1.150082	2.1539629	1.1382654
u607	ZSCAN30	7.9167867	7.7622404	7.6291137	7.4723244	7.4120417	7.2696815
TF1	RELA	8.541536	8.66853	8.393459	8.525222	8.450988	8.803338
TF2	STAT3	7.392086	7.694097	7.496339	7.487612	7.332617	7.537051
TF3	STAT5A	4.759438	4.681675	4.632757	4.792708	4.604263	4.781927
TF4	STAT5B	5.201028	5.041712	5.511712	5.443866	5.622433	5.248107
TF15	HIF1A	1.6745822	0.9294378	0.8408892	2.3810606	2.0854297	3.100571
