incR0	lncipediaID	Case1	Case2	Case3	control1	control2	control3
incR749	ADGRA1-AS1:6	3.73236	3.1713467	3.008927	4.0844493	3.9903913	4.1430306
incR750	CFLAR-AS1:6	2.3556979	2.1282077	1.3707135	3.367398	2.4307046	2.8989096
incR751	HOTTIP:5	0.9852696	1.9795594	1.8328227	2.8406794	2.9086232	3.2208135
incR752	ITCH-AS1:1	2.0715525	0.81489867	0.90300614	3.0369296	2.8547826	1.8985302
incR753	KLF3-AS1:11	1.2055637	0.9824021	1.4539173	1.6774029	2.2296972	1.550959
incR754	LINC00310:16	6.779136	6.500812	6.8547897	7.2171264	7.5789814	7.536889
incR755	LINC00311:1	1.5367088	1.9850519	1.8815609	2.5271955	2.5757327	2.5598059
incR756	LINC00472:47	4.8152266	5.3715577	5.1571116	5.530924	5.8305125	5.6101236
incR757	LINC00519:1	2.172695	2.573818	1.5892538	3.2278564	3.0779743	3.639537
incR758	LINC00704:4	4.25447	4.423182	3.872635	4.7122226	4.613674	4.666375
incR759	LINC00710:4	3.1097898	3.2084773	2.5283296	3.6032195	3.4587495	4.0951104
incR760	LINC00907:16	1.2487419	2.7766054	1.022121	2.9819708	3.2134254	2.9429615
incR761	LINC01055:1	3.7452502	4.0681863	4.2136126	4.4310775	4.399315	4.5500007
incR762	LINC01099:2	3.2749958	3.481026	4.042874	4.373674	4.6722026	4.413155
incR763	LINC01114:8	5.726693	5.636997	5.9493175	6.3299494	6.07826	6.1647263
incR764	LINC01153:1	2.8137531	2.0481627	1.9845291	3.039104	3.3821628	2.9290428
incR765	LINC01427:7	1.0201111	1.2365558	2.0408003	2.1493697	2.1541615	2.7817862
incR766	lnc-A1BG-3:1	1.7799438	0.86357725	1.4886866	2.5522366	3.3408976	2.1021032
incR767	lnc-ABAT-3:1	3.249304	3.3445134	3.2786558	3.8233247	3.63013	3.8273773
incR768	lnc-ABCA1-4:1	4.1750584	3.5097454	4.323792	4.917407	4.5037374	4.563996
incR769	lnc-ABHD5-2:1	0.869282	0.97862995	0.89767426	2.5536807	2.2285953	2.353282
incR770	lnc-AC006156.2-16:1	5.051645	5.615431	5.151701	5.7183886	5.843379	6.0769143
incR771	lnc-AC008073.6.1-2:1	6.7693458	6.4747105	6.8653107	7.167533	7.271039	7.183407
incR772	lnc-AC009365.3.1-1:5	3.7277758	3.9679372	3.8054159	3.987125	4.551681	4.3731356
incR773	lnc-AC015989.1-2:1	1.7280171	0.8405843	1.182173	2.2248778	2.2777286	2.584205
incR774	lnc-AC017104.2.1-1:1	2.4208636	1.7512639	1.76107	3.0035365	3.4091988	3.5057638
incR775	lnc-AC025287.1-5:1	1.049345	1.1348355	0.9977629	2.9043298	2.111107	2.2895393
incR776	lnc-AC069257.9.1-9:1	4.7113113	4.575636	5.1453114	5.240432	5.392399	5.43502
incR777	lnc-AC090186.1-8:1	1.3417062	1.0983964	1.5827131	1.5272969	2.6918516	2.8216574
incR778	lnc-AC107021.1-9:1	6.2795935	5.786638	5.9941573	6.5590987	6.5114965	6.557616
incR779	lnc-AC108938.5.1-4:1	5.149017	5.038923	4.997117	5.2864075	5.6197586	5.620954
incR780	lnc-AC110080.1-4:12	3.9463882	4.1545944	4.12304	4.6865087	4.655546	4.74485
incR781	lnc-AC135352.1-1:2	6.7077045	6.208576	6.5828767	6.8293633	7.0875607	6.959238
incR782	lnc-AC233282.2-2:1	1.1454595	1.8303797	1.5098097	2.3953764	2.3362954	2.2714515
incR783	lnc-ACAD11-1:1	10.418653	10.603155	10.238615	10.795897	11.228387	11.139477
incR784	lnc-ACD-1:1	0.9005333	1.3325449	0.82715994	2.5113187	2.388409	1.5977863
incR785	lnc-ACRC-6:1	1.5457654	1.6619623	1.5340574	2.512099	2.1644814	2.2160518
incR786	lnc-ACSBG2-2:1	14.01286	13.996316	13.682781	14.099964	14.629287	14.580181
incR787	lnc-ACTL10-1:1	4.1997633	4.4369316	4.583735	4.806304	4.9942317	5.1899047
incR788	lnc-ACTL7A-3:1	1.8934764	2.5425901	2.2545547	3.5361903	2.904276	2.9916718
incR789	lnc-ACVR2A-11:1	4.242323	4.1773105	4.2161784	4.697668	5.0099206	4.6820955
incR790	lnc-ADAM2-5:1	6.4127707	6.5383396	6.75527	6.968317	7.2996426	7.4174223
incR791	lnc-ADAMTS5-3:5	0.88951707	0.9115001	0.9166013	1.6494751	1.754776	1.3453639
incR792	lnc-ADARB2-10:2	3.0749474	3.378097	2.7836645	4.0984497	3.9755578	4.357283
incR793	lnc-ADAT3-1:1	1.3242772	2.0589442	1.9792322	2.8474798	3.740536	3.251706
incR794	lnc-ADCY8-3:1	2.4957657	2.1543317	2.4358075	3.072905	3.880902	3.0504913
incR795	lnc-ADPRHL2-1:1	3.6321273	4.7133775	4.831716	5.262512	5.1637974	5.5045567
incR796	lnc-AE000662.92.1-7:1	7.6620803	7.685425	8.062225	8.184661	8.473201	8.368083
incR797	lnc-AF127577.1-10:1	1.1670841	1.4689038	2.0400598	2.150321	3.1001544	2.875456
incR798	lnc-AFM-3:1	1.8474063	2.0210052	2.909363	3.2804387	3.2278564	3.2926295
incR799	lnc-AGBL1-4:2	0.90521234	0.9294539	1.845759	2.328684	2.1189475	2.299584
incR800	lnc-AGPAT4-2:1	3.8763885	4.2355595	3.838818	4.536642	4.46459	4.351476
incR801	lnc-AGPS-5:2	3.0014231	3.209476	2.8750246	3.7878563	3.505403	3.6211395
incR802	lnc-AHI1-5:1	2.398119	2.0082242	2.5631878	2.6202211	2.94657	2.9553225
incR803	lnc-AL033381.1-23:1	1.0875528	0.92791784	0.85131735	1.5137831	1.1386284	1.4612216
incR804	lnc-AL078585.1-14:1	12.350014	12.584984	12.204758	12.647107	13.179739	13.064051
incR805	lnc-AL360004.1-4:2	0.87514675	1.072745	0.9143088	2.1167085	2.2056515	2.5309882
incR806	lnc-AL901608.1-38:1	1.1376832	1.1721681	0.9606227	2.8259444	2.1564853	2.4765866
incR807	lnc-ALK-3:1	3.5403907	3.4682996	3.552453	4.1463118	3.8002992	4.0316095
incR808	lnc-AMDHD1-2:1	2.4475532	3.1532161	2.802729	3.862134	4.0401893	3.362707
incR809	lnc-AMIGO1-2:1	4.6609325	4.5746	4.36317	4.880941	5.2696915	4.820089
incR810	lnc-AMPH-8:1	3.5680573	3.6955724	3.6942458	4.001521	4.5049667	4.286451
incR811	lnc-ANGPTL1-10:1	3.2892604	3.2674415	3.6010554	3.797431	3.9616487	3.6759124
incR812	lnc-ANKFN1-1:4	2.4998732	2.0753543	2.877797	3.7338119	3.426721	3.375677
incR813	lnc-ANKRD27-10:1	4.9862857	5.1588154	4.7737885	5.3980117	5.318082	5.4094396
incR814	lnc-ANKRD32-11:1	0.8531774	2.0470567	0.8396342	2.650234	3.0870545	3.437101
incR815	lnc-ANKRD65-1:1	0.9713543	0.842382	0.97641534	1.6781209	1.0612308	1.6963001
incR816	lnc-AP005482.1.1-2:1	2.9887314	2.9569926	2.7339485	3.433598	3.5573654	3.6749077
incR817	lnc-AP3S1-9:1	5.2928023	5.054386	5.037265	5.497613	5.8006396	5.335481
incR818	lnc-APAF1-3:1	8.505833	8.93613	8.3723955	9.372604	9.259976	9.169455
incR819	lnc-APBB1IP-3:1	5.680615	5.6269455	5.2292066	5.767235	5.9654403	6.190612
incR820	lnc-APIP-3:2	2.5918725	2.9601293	2.840819	3.2834876	3.7020957	3.33302
incR821	lnc-APITD1-CORT-1:1	2.7229447	2.5725589	2.7083697	3.2844515	3.6039157	3.11626
incR822	lnc-AREG-1:1	4.2116485	4.5414934	4.2126656	4.7176766	4.807514	4.890828
incR823	lnc-ARF6-11:1	4.698117	4.791918	4.3127823	4.920619	4.9616585	5.0981007
incR824	lnc-ARHGAP11A-7:1	2.9593134	2.7345095	2.9199436	3.2457702	3.3223186	3.4448578
incR825	lnc-ARHGAP15-1:1	3.8679192	4.175264	4.749944	5.001903	5.032723	4.8308115
incR826	lnc-ARHGAP15-19:1	4.4201646	4.292204	4.582991	4.848492	4.920619	5.1127176
incR827	lnc-ARHGAP17-5:1	1.11286	2.4750328	0.8544531	3.4067187	3.3456788	2.8697927
incR828	lnc-ARHGEF26-2:1	2.4970152	2.568987	2.9119968	3.4383955	3.135061	3.0919847
incR829	lnc-ARID2-10:1	2.5413377	2.071648	2.8613014	3.6263227	3.4798007	3.6247172
incR830	lnc-ARL11-5:1	5.391679	5.5924473	5.475706	5.7104673	6.1440926	6.2387395
incR831	lnc-ARL4C-4:1	7.513343	7.937649	7.9308634	8.317832	8.208341	8.066654
incR832	lnc-ARL5B-5:1	2.593175	2.464118	3.0058012	3.0544486	3.140533	3.1973705
incR833	lnc-ARNT-1:1	7.4441595	7.4942493	7.277052	7.603677	8.13245	8.070659
incR834	lnc-ARRDC3-9:1	5.408668	5.6784744	5.475349	6.403468	5.740517	6.007913
incR835	lnc-ARSB-1:1	10.372118	10.487455	10.14028	10.599196	11.0137825	10.936409
incR836	lnc-ASCC3-8:1	5.5980663	5.742633	5.83963	5.960877	6.767024	6.568284
incR837	lnc-ASTN2-4:1	2.63751	3.00096	2.8806	3.7311997	3.6730554	3.6672435
incR838	lnc-ATP11B-9:1	2.1894543	2.184807	2.9286118	3.2683873	3.5892363	3.100308
incR839	lnc-ATP1A1OS-6:1	0.8379565	0.9260871	0.8501997	2.4601207	2.766478	2.3386955
incR840	lnc-ATP6V0E2-5:1	5.2221136	4.9460244	5.1021156	5.528774	6.045362	6.0088515
incR841	lnc-ATP6V1C1-5:1	2.9312234	3.257163	3.3848076	3.3686275	4.2148438	4.2823772
incR842	lnc-ATP6V1E2-10:1	0.98374003	1.6785454	1.1150143	2.2892334	2.353791	1.9983113
incR843	lnc-ATPBD4-5:1	3.7311733	3.2953963	3.2481635	3.7938445	4.3317075	4.077506
incR844	lnc-ATXN3L-5:2	2.2984958	2.4294562	2.8953118	3.1220078	3.519117	3.212511
incR845	lnc-AUTS2-5:1	11.187844	11.2721815	11.08187	11.3150625	11.729802	11.792948
incR846	lnc-AVEN-4:1	4.452303	4.3303647	4.0935087	4.6574383	4.5168905	5.0109353
incR847	lnc-AZIN1-3:1	4.1377826	4.835981	4.156126	4.7907634	5.513578	5.4423056
incR848	lnc-BCAS2-2:1	0.8950367	1.0029896	0.91986793	1.2221316	1.80364	1.8507676
incR849	lnc-BCL11A-4:1	4.9449153	5.2920346	4.8092475	5.3635883	5.8859267	5.5070324
incR850	lnc-BCL2L11-4:2	0.88250506	1.2033924	2.1549814	2.3877723	2.5512288	3.0255322
incR851	lnc-BDH1-4:1	2.2826831	1.0096772	2.1401498	3.4676409	2.6397254	2.832121
incR852	lnc-BDKRB1-1:1	1.2279563	0.8389215	0.79743207	1.6096804	2.3241582	2.3403504
incR853	lnc-BEST3-4:1	0.9264488	0.92018086	0.905438	1.758781	1.1158794	1.5350142
incR854	lnc-BEX1-4:1	1.2249178	2.1003876	1.7448744	2.4702263	2.4934287	2.61789
incR855	lnc-BEX2-1:1	2.6504018	2.534229	2.7435322	3.1029103	3.4400244	3.2907891
incR856	lnc-BIRC2-3:1	1.1965393	1.0252908	1.0165356	1.6363169	1.5625626	2.5378017
incR857	lnc-BIRC5-1:2	3.290707	2.9320464	2.60264	3.630411	3.4641488	3.6562645
incR858	lnc-BLM-5:1	3.0419195	2.4558659	2.5881422	3.1978707	3.6510565	3.330895
incR859	lnc-BLZF1-1:1	4.4043865	4.5588217	4.251953	4.68532	5.119406	4.8709702
incR860	lnc-BMF-2:1	4.213769	4.586171	4.090478	4.6311855	4.8371944	4.746706
incR861	lnc-BMP2K-5:1	5.221976	5.6986904	5.498884	5.8898644	6.2515697	6.1608
incR862	lnc-BNC2-2:1	10.56572	10.67977	10.287728	10.800171	11.080345	10.896671
incR863	lnc-BOD1L-5:1	4.220271	3.7526453	3.8490703	4.3898396	4.450507	4.2439795
incR864	lnc-BST2-1:1	2.7895572	3.3884835	2.7280698	3.4581974	3.565043	3.5283017
incR865	lnc-BTG3-6:1	9.605143	10.113619	9.752846	10.054269	10.371952	10.420899
incR866	lnc-C11orf1-1:1	0.88305616	0.925856	1.0576127	2.472772	2.7616673	1.4639571
incR867	lnc-C11orf30-2:1	1.9674412	1.8098364	2.3867786	2.7681856	3.216333	2.879986
incR868	lnc-C11orf44-1:2	0.809913	0.8488201	0.8241498	1.5230224	1.5488223	1.303197
incR869	lnc-C11orf82-9:1	4.497368	4.3960776	4.827522	5.0526204	5.2212143	5.2070847
incR870	lnc-C12orf29-3:2	1.6534489	1.1067737	1.0036784	1.8965249	2.5538936	1.8138003
incR871	lnc-C12orf42-2:5	3.8141372	4.053432	2.9905624	4.182803	4.88762	4.463046
incR872	lnc-C12orf74-1:1	5.0723305	5.3760433	4.936387	5.4994526	5.812677	5.7793665
incR873	lnc-C14orf37-4:1	0.89395237	0.9436339	1.147894	2.003926	1.9867879	1.5079324
incR874	lnc-C14orf64-4:1	7.6934743	7.8108125	7.9089937	7.959241	8.298007	8.335683
incR875	lnc-C16orf58-9:1	5.1503663	5.3473086	5.065955	5.592941	5.5097446	5.654751
incR876	lnc-C18orf54-1:1	0.8645653	1.87549	1.3182963	2.1448133	2.8718717	3.242705
incR877	lnc-C18orf62-4:1	4.284464	4.224807	4.037075	4.3956046	4.968431	4.748255
incR878	lnc-C1GALT1C1-1:1	3.6788955	3.2707746	3.3937647	3.939293	4.3330245	3.725981
incR879	lnc-C1orf31-9:1	3.1766846	3.5319788	3.749025	4.1772294	3.8816035	4.0113177
incR880	lnc-C20orf166-1:1	1.4949394	0.9345492	1.029993	1.5781125	2.6273525	2.7719924
incR881	lnc-C21orf62-3:1	13.395637	13.3911705	13.179739	13.568795	13.914415	14.202104
incR882	lnc-C21orf7-5:1	5.17536	5.0054226	5.2388387	5.450706	5.6717243	5.7126236
incR883	lnc-C2orf71-3:2	6.7785716	6.92824	6.9546156	7.28584	7.392232	7.2020264
incR884	lnc-C3orf65-9:1	10.271698	10.52662	10.077808	10.619774	10.896671	10.802969
incR885	lnc-C4orf34-11:1	0.9267695	1.032803	0.92767674	2.8657122	2.0460277	2.4579594
incR886	lnc-C4orf34-7:1	1.6368796	2.1428792	1.7669796	2.1292768	2.7058587	2.4966433
incR887	lnc-C4orf36-2:4	6.44324	6.711329	6.9809585	7.3943586	7.2405167	6.984418
incR888	lnc-C5orf43-4:10	1.5639042	1.4468687	1.7892748	1.9816582	2.2134974	2.201658
incR889	lnc-C6orf115-2:1	2.5103967	2.6335182	2.9872935	3.1469321	3.5221546	3.2670126
incR890	lnc-C6orf138-1:1	2.5047102	2.3708744	2.191501	2.9950278	2.9021056	3.2707505
incR891	lnc-C6orf195-10:1	1.4207902	1.2031736	2.3727167	2.3482885	2.9798946	3.1868758
incR892	lnc-C6orf99-5:1	5.697646	5.7715864	5.84012	6.111739	6.2017326	6.1757994
incR893	lnc-C7orf44-4:1	3.0551674	3.6213708	3.221232	3.8209698	4.1184464	3.896494
incR894	lnc-C8G-3:1	1.3682021	0.992167	0.8510325	1.7231345	2.1940358	1.520563
incR895	lnc-C9orf104-6:1	2.38521	1.8864214	0.99522996	3.6014543	2.8813322	3.159862
incR896	lnc-CA10-3:1	4.3735666	3.906705	4.2180243	4.815487	4.8244658	5.1455956
incR897	lnc-CA5A-1:1	1.2001332	0.9985414	0.94806015	2.2612338	4.0575786	3.6221964
incR898	lnc-CA5A-12:1	3.951817	3.9328039	4.12282	4.3955503	4.727833	4.3463006
incR899	lnc-CA5A-9:1	3.5106137	3.3656902	3.7878563	3.7360978	4.127042	4.1060524
incR900	lnc-CAB39-2:1	5.655259	5.45008	5.6636558	5.8053255	6.1389165	6.1831374
incR901	lnc-CACNB3-1:3	2.6118946	3.1076586	2.4979234	3.6606822	3.611817	3.4684057
incR902	lnc-CARD16-1:1	5.9999433	6.4530807	6.0967503	6.5626316	6.7992835	6.8610234
incR903	lnc-CBX7-1:1	1.3372046	0.99567187	0.9645857	2.4877605	2.7548068	2.2326407
incR904	lnc-CCAR1-3:1	10.666935	10.740875	10.460435	10.91218	11.367759	11.409301
incR905	lnc-CCDC37-3:1	4.055076	4.192069	4.1258297	4.4889255	4.7613115	4.4577713
incR906	lnc-CCDC51-6:1	8.006541	7.6787386	7.9913797	8.205057	8.373792	8.317646
incR907	lnc-CCDC64-2:1	3.1101427	3.448013	3.3730123	3.7635934	3.901363	3.9835691
incR908	lnc-CCDC8-2:1	5.313278	5.356637	5.186446	5.5472536	6.0073953	5.6891003
incR909	lnc-CCDC89-6:1	1.5543141	0.8810606	0.9211166	1.6218731	2.2095108	1.8412867
incR910	lnc-CCDC90A-9:1	6.664575	6.4448156	6.5089417	6.8320823	7.0985813	7.4328885
incR911	lnc-CCK-2:1	3.0200868	2.551612	3.252177	3.5258694	3.8269944	3.6348453
incR912	lnc-CCKAR-2:1	5.363347	5.64076	5.577693	5.8391676	6.1482835	6.03377
incR913	lnc-CCR4-2:1	4.010832	4.5128036	4.1356153	4.605871	4.9856386	4.879888
incR914	lnc-CD1B-6:1	4.717119	4.7887073	4.522057	4.861173	5.022787	5.3659067
incR915	lnc-CDC42-1:1	2.1508493	2.057866	1.991745	2.5587695	2.645622	2.6982498
incR916	lnc-CDC7-1:3	5.5019674	5.632231	5.556384	5.875143	6.1274166	5.975422
incR917	lnc-CDC73-13:1	2.1358712	2.124571	2.0519004	2.5667522	2.9535122	2.2589571
incR918	lnc-CDH1-6:1	9.762422	10.175224	10.179372	10.408674	10.551285	10.347977
incR919	lnc-CDH18-19:1	5.847488	6.2724905	6.216853	6.539454	6.5335155	6.725092
incR920	lnc-CDH6-11:1	4.521421	5.0140314	4.7482986	5.1267486	5.301934	5.127829
incR921	lnc-CDK17-10:1	3.5901546	3.6678987	4.228354	4.7939363	4.3870087	4.3177547
incR922	lnc-CDK5R2-4:1	3.9925332	3.9646177	4.4020376	4.8213663	4.497724	4.938694
incR923	lnc-CDNF-3:1	3.1754594	3.2765582	3.1084473	3.4405136	4.026392	3.5827036
incR924	lnc-CDO1-2:1	3.756321	4.1218452	3.676389	4.3092785	4.555653	4.6598463
incR925	lnc-CDYL-18:1	4.5053554	4.114749	4.2961845	4.7440076	5.2359776	5.0308533
incR926	lnc-CEBPA-3:1	4.0609317	4.6251187	4.6158223	4.8052225	4.9451466	5.012998
incR927	lnc-CECR1-2:1	8.143339	7.9206324	8.470259	8.658179	8.599562	8.640524
incR928	lnc-CENPJ-4:1	9.395663	9.676918	9.210798	9.84515	9.821119	9.79146
incR929	lnc-CENPN-1:1	2.7673295	3.048277	2.687257	4.1048574	3.4079494	4.1140985
incR930	lnc-CEP250-1:1	4.4817343	4.736619	4.597114	4.974502	5.1208334	5.286782
incR931	lnc-CERKL-4:3	5.3427854	4.9290776	4.954787	5.4046054	6.003969	5.645374
incR932	lnc-CERKL-8:1	3.637268	3.9255202	4.2921124	4.7098923	4.6244783	4.5748725
incR933	lnc-CFLAR-2:1	7.3790827	7.6885166	7.2417016	7.738448	7.9353075	7.8205934
incR934	lnc-CHAC2-4:1	2.1137567	0.9544195	1.6532845	3.026341	2.391821	2.8963914
incR935	lnc-CHD2-3:1	4.6781235	4.572995	4.581967	5.1841125	5.0750813	4.9428678
incR936	lnc-CHM-7:1	11.931562	12.241439	11.737176	12.274525	12.550279	12.436586
incR937	lnc-CHN1-3:1	9.506805	9.6551075	9.408048	9.804941	10.280272	10.222334
incR938	lnc-CHODL-7:1	3.1332676	3.027005	2.977544	3.4150171	3.8311334	3.9354644
incR939	lnc-CIT-2:1	2.2825549	2.6053138	2.4194376	2.8817172	3.1184707	3.09162
incR940	lnc-CLEC4M-3:1	0.92784107	0.8788866	0.94548875	1.5830756	1.804478	1.0645813
incR941	lnc-CLIC3-1:2	0.8683674	0.9720661	0.90091467	2.5714078	2.252722	2.078002
incR942	lnc-CLIC6-5:1	0.9556782	1.1678638	0.9902635	2.3589735	1.6536248	2.550982
incR943	lnc-CMC1-4:1	11.00069	11.392688	10.839694	11.338497	11.768262	11.658828
incR944	lnc-CMC1-8:1	3.5081358	3.0837135	3.7673671	3.9845777	4.5056486	4.1999836
incR945	lnc-CMPK2-27:1	5.4881973	5.852417	5.9713173	6.2160034	6.2110596	6.207028
incR946	lnc-CNOT6-1:1	5.4934697	5.618767	5.4997015	5.8327403	6.1409426	5.9399896
incR947	lnc-COL4A2-8:1	3.2789624	3.7140365	3.1964421	3.9865162	4.0553465	4.245579
incR948	lnc-COL9A2-5:1	2.2713027	2.508498	3.1068587	3.1420584	3.741723	3.629312
incR949	lnc-COMMD1-5:1	12.47219	12.427337	11.921176	12.59305	12.962275	12.948435
incR950	lnc-COX6A1P2-1:1	7.1075344	7.6216593	7.4384127	7.6027193	8.088855	7.9809604
incR951	lnc-CPA5-1:1	1.4737605	2.2817073	2.6890166	3.5953174	3.1053245	2.7659333
incR952	lnc-CPNE4-2:1	5.0304513	5.3577547	4.5951347	5.9439073	5.627846	5.6555214
incR953	lnc-CPPED1-2:1	1.5611858	2.3215868	2.0036936	2.6450121	3.4191418	2.8200147
incR954	lnc-CSNK1A1-5:1	3.3369465	3.5935223	3.6802893	4.1025224	4.3473396	4.4096637
incR955	lnc-CTBP2-1:1	1.1184163	1.339119	1.5594761	1.5625626	2.0499566	2.3947933
incR956	lnc-CTC-236F12.4.1-5:1	4.8020506	5.153458	5.212456	5.374	5.792655	5.6603565
incR957	lnc-CTD-2144E22.5.1-7:1	7.9491057	8.318814	8.148564	8.432782	8.712324	8.598278
incR958	lnc-CTD-2523D13.1.1-4:1	0.97615325	1.1563265	0.9992101	1.9076827	3.0494359	2.146397
incR959	lnc-CTDSP1-2:1	4.69802	5.14926	5.1099277	5.4783325	5.2878056	5.385697
incR960	lnc-CTDSPL-3:1	10.902827	10.955259	10.954164	11.116812	11.7486	11.670731
incR961	lnc-CTH-14:1	3.1938148	3.808357	3.493686	4.608894	4.3187566	4.0722156
incR962	lnc-CTNNA1-2:4	3.7921164	3.151525	3.902678	4.206761	4.210117	4.2199774
incR963	lnc-CTNNA3-7:1	0.9849015	0.95771486	1.0131714	2.924449	1.5348893	2.0813344
incR964	lnc-CTSZ-10:1	2.3970537	2.5047715	1.6760381	2.7029574	3.021391	3.1716778
incR965	lnc-CXCL12-5:1	14.283919	14.5481825	14.063906	14.506525	15.063871	14.931941
incR966	lnc-CXorf58-3:1	2.3529632	2.4046087	2.205343	2.6108198	2.8750246	3.3044696
incR967	lnc-CXorf64-6:1	3.9561594	4.1146774	4.4847403	4.5509405	4.6357517	4.8745275
incR968	lnc-CYGB-3:1	3.2466273	3.326484	3.3033018	3.6179242	3.9220176	3.6301005
incR969	lnc-CYP1A1-1:1	2.1549025	1.4441236	0.94278187	2.4895704	2.5547771	2.1174133
incR970	lnc-CYP2C8-1:1	3.9313092	4.0858235	4.3208656	4.3931713	4.5010104	4.6189237
incR971	lnc-CYP3A43-6:1	1.1409934	2.058133	1.247575	2.773988	2.7719924	3.9709802
incR972	lnc-CYP3A7-1:1	3.532722	3.0770125	4.0031385	4.3633995	4.839057	4.337558
incR973	lnc-DAAM2-6:1	1.706332	2.2801223	0.9631354	3.0002804	2.5937157	2.4351022
incR974	lnc-DCDC1-1:1	2.970196	3.2116659	2.825281	3.4704475	3.6917882	3.7175941
incR975	lnc-DCDC2C-2:1	0.8607612	0.9478866	0.896533	2.2575343	1.3524556	1.8513038
incR976	lnc-DCUN1D5-3:1	2.283597	2.2826831	2.4028482	2.917553	2.7170577	2.8032045
incR977	lnc-DDC-3:6	3.2288198	3.3229744	2.5368655	3.854202	3.9878454	3.6559913
incR978	lnc-DDX20-4:2	6.4140224	6.551402	6.6632504	6.70748	7.2016573	6.949404
incR979	lnc-DDX39A-2:2	3.1139638	2.9906714	2.4156477	3.3186104	3.4751558	3.599169
incR980	lnc-DEFB124-2:2	4.7789645	5.185965	4.684127	5.2713704	5.9440556	5.842523
incR981	lnc-DEK-1:1	3.8534284	3.562393	4.2642126	4.5513954	4.488627	4.914721
incR982	lnc-DENND4B-4:1	0.91389996	1.0218121	0.9144736	1.7061763	1.7091696	2.216312
incR983	lnc-DERA-4:3	4.624019	4.6622396	5.0397964	5.2861805	5.2372503	5.1521792
incR984	lnc-DHCR7-5:1	6.3887997	6.345081	6.5810795	6.6568413	7.0676546	6.78278
incR985	lnc-DHRS7C-1:1	2.2656791	0.97932196	1.2231034	3.039896	2.642803	2.9825873
incR986	lnc-DHRS7C-2:3	1.5299993	0.95791364	1.5518638	2.7800167	2.1991458	1.99091
incR987	lnc-DHX37-18:1	0.88591063	1.6264827	0.9280942	2.0310996	1.7967443	1.9594235
incR988	lnc-DHX37-6:3	2.2739758	1.8983753	1.1397836	3.1093931	2.4028482	2.8087428
incR989	lnc-DIAPH2-11:1	4.603352	4.738121	4.883667	5.1489215	5.2099566	5.23861
incR990	lnc-DIAPH3-9:1	4.66775	4.843565	4.619831	4.9714084	5.4204016	5.0823545
incR991	lnc-DLEU7-9:1	12.33213	12.644844	12.128608	12.614248	13.043655	12.992757
incR992	lnc-DLGAP1-9:1	0.9479066	1.0437799	0.95495933	2.013989	1.7425213	1.857125
incR993	lnc-DLX5-1:1	1.0377021	1.4316363	0.82341146	1.497736	2.0353985	1.5446787
incR994	lnc-DMRT2-3:1	5.5600233	5.38125	5.592241	6.005965	5.9468737	5.8162866
incR995	lnc-DMRTA1-18:1	4.2824173	4.1331687	3.94927	4.5576434	4.5598035	4.810044
incR996	lnc-DMRTA1-7:1	3.3308039	3.8297744	2.9046688	3.8546886	4.302265	4.3753314
incR997	lnc-DMXL2-1:1	7.697871	7.6187153	7.934655	7.951351	8.542778	8.448785
incR998	lnc-DNAH7-2:1	2.3942084	2.5438988	2.9937892	3.6052086	3.3962908	3.428076
incR999	lnc-DNAJA4-1:1	4.6594114	4.498917	3.9682157	4.827455	5.2002387	4.8995376
incR1000	lnc-DPY30-5:1	0.8551717	1.6240144	2.5266542	2.9081657	2.7181354	3.059601
incR1001	lnc-DSG1-11:1	5.7838216	5.9888945	6.0295253	6.258337	6.636877	6.6054964
incR1002	lnc-DUSP19-3:1	10.553928	10.819589	10.356373	10.804448	11.142338	11.007347
incR1003	lnc-DUSP4-6:1	4.315941	4.3228364	3.9320614	4.7133393	4.3757515	4.806304
incR1004	lnc-DYDC1-8:1	6.155491	6.2468734	6.4728622	6.842737	7.1603613	7.233639
incR1005	lnc-DYSF-3:1	3.7823188	4.046541	3.9116178	4.354613	4.9638004	4.486732
incR1006	lnc-EBNA1BP2-1:7	2.4756308	2.849448	2.2385597	3.275784	3.8309906	3.584605
incR1007	lnc-EFCAB6-1:1	4.554926	4.6822777	4.351226	4.992742	4.9870653	5.1314087
incR1008	lnc-EFHA2-1:1	7.5536056	7.4802065	7.800378	7.8094234	8.382939	8.186051
incR1009	lnc-EFHD2-1:1	2.3336163	2.250384	2.507417	3.5167496	2.781952	3.264176
incR1010	lnc-EGLN3-1:2	1.0126516	2.8604853	1.3331785	2.9706602	3.599438	2.9844856
incR1011	lnc-EGR1-1:1	9.345657	9.416718	8.939798	9.587309	9.713777	9.686795
incR1012	lnc-EID1-3:2	1.4033087	0.97700036	0.908504	1.4770325	1.9770318	1.885637
incR1013	lnc-EIF1AY-3:1	0.9527359	1.7626282	1.5632563	2.653641	3.1226974	2.779725
incR1014	lnc-EIF2C3-1:1	5.1208735	5.110422	5.074895	5.5068555	5.675123	5.5565896
incR1015	lnc-ELMO3-1:1	4.0012655	3.2588904	3.6301005	4.045044	4.4406986	4.363933
incR1016	lnc-ELP3-1:1	4.142927	4.030596	4.152295	4.352993	4.649624	4.4964056
incR1017	lnc-EMB-10:1	5.575042	5.318082	5.7360816	6.053562	6.2795005	6.0198092
incR1018	lnc-EML1-3:4	7.03409	6.848804	6.734809	7.0179586	7.648538	7.4799395
incR1019	lnc-EML5-3:2	7.7935305	7.575781	8.142675	8.184094	8.53108	8.539504
incR1020	lnc-ENDOD1-1:1	5.1750617	6.077675	6.117084	6.9176764	8.954474	6.910713
incR1021	lnc-EPB41L2-1:1	3.1011293	3.2753127	3.6442428	4.0741873	3.9726887	4.3470473
incR1022	lnc-EPB41L4B-2:1	0.8712545	0.8061438	0.91019	1.1826339	1.3036137	2.0707724
incR1023	lnc-EPC1-2:1	13.386316	13.346582	12.915356	13.468531	13.76932	13.838609
incR1024	lnc-ERICH1-13:1	5.1202602	5.0172853	5.3677125	5.633125	5.6914234	5.8618255
incR1025	lnc-ERN1-1:1	2.9022799	3.1269798	3.245083	3.8328512	3.495052	4.216791
incR1026	lnc-ETS2-4:1	5.3128824	5.6687455	5.329986	5.841891	6.065585	6.1853647
incR1027	lnc-F11-7:1	1.0863824	1.1332953	1.1341176	3.0310214	1.7524734	2.790871
incR1028	lnc-FAM102B-3:3	3.39189	3.5504837	3.4745653	3.6048706	4.5107274	4.288334
incR1029	lnc-FAM114A1-2:1	1.4766572	2.2729058	2.0348418	2.9957008	2.7992282	2.6908615
incR1030	lnc-FAM115A-3:1	4.3753996	4.8765264	4.690119	4.977019	5.3065944	5.257478
incR1031	lnc-FAM177A1-1:2	3.9232738	4.312153	4.292204	4.643603	4.621852	4.9233494
incR1032	lnc-FAM187A-6:1	2.0623968	0.9626405	1.6831748	2.620964	2.2801223	3.0360663
incR1033	lnc-FAM210A-5:1	4.2488275	4.0094166	4.173244	4.587929	4.4705734	4.69448
incR1034	lnc-FAM49A-7:1	0.8787199	0.99098396	0.9024102	1.4286834	2.0797393	1.8932939
incR1035	lnc-FAM63B-5:1	3.9304075	4.4845185	4.39945	4.6336565	4.7682996	4.754075
incR1036	lnc-FARP1-2:1	3.7478795	3.9842587	3.9734592	4.058548	4.268243	4.5444517
incR1037	lnc-FBXO10-1:1	9.720842	9.783916	9.759294	10.012338	10.681604	10.520328
incR1038	lnc-FBXO11-3:1	8.006282	8.624013	8.32705	8.702143	8.843756	8.784549
incR1039	lnc-FBXO15-1:1	4.6668005	4.97196	4.891674	5.3225713	5.3759613	5.3796372
incR1040	lnc-FBXO15-3:3	2.9002488	3.6097803	3.152057	4.2754292	4.0740304	3.9637902
incR1041	lnc-FBXO15-6:3	1.9752694	2.3076022	2.4942486	2.783766	2.5794744	2.7757282
incR1042	lnc-FBXO15-8:1	4.147959	4.6123652	4.6457243	5.018838	5.2907047	5.7048745
incR1043	lnc-FBXO21-1:1	1.0620633	0.9447498	1.0300107	2.441636	2.1759732	2.1883414
incR1044	lnc-FBXO30-1:1	1.1552877	1.0705853	1.8774366	1.9246616	3.3301713	2.8633354
incR1045	lnc-FBXO45-9:1	4.370833	4.617753	4.8860645	5.229346	5.109217	4.9225183
incR1046	lnc-FBXW8-3:1	0.88004124	0.9844287	0.86606544	1.7416747	1.6511891	2.4851394
incR1047	lnc-FCF1-1:1	3.0973814	3.269502	3.1781614	3.9704525	3.8521397	3.874203
incR1048	lnc-FEZ2-2:1	0.9626194	1.3247937	2.308072	2.66965	2.3362007	2.5034804
incR1049	lnc-FGF14-3:1	4.0849094	4.224099	4.2925615	4.47306	4.967917	4.6234736
incR1050	lnc-FGFR1OP-14:1	0.857085	0.84667647	0.8544349	1.0955803	1.9026849	1.9644551
incR1051	lnc-FGFR1OP-16:1	1.6880832	1.7659633	1.0362672	2.9981635	3.1423497	2.0293777
incR1052	lnc-FH-2:1	2.4741287	2.8006682	3.1679773	3.3438773	3.320018	3.3939054
incR1053	lnc-FIGNL1-1:1	3.6181266	3.6757128	3.237668	3.8788464	4.116262	4.163225
incR1054	lnc-FILIP1L-5:1	4.669261	5.1045833	4.912485	5.3501687	5.4326906	5.363933
incR1055	lnc-FMN2-5:1	4.849312	4.876982	4.886395	5.3458138	5.6508083	5.154041
incR1056	lnc-FNDC3B-10:1	3.2385354	3.6641502	3.4662695	4.0124874	3.9572024	4.18653
incR1057	lnc-FOXC1-4:2	1.9995682	1.9271461	2.0514386	2.78345	3.2238855	2.9519057
incR1058	lnc-FOXP1-4:1	4.7752557	5.0668063	5.1354876	5.2417703	5.602337	5.897669
incR1059	lnc-FOXP3-1:1	2.931912	3.0016773	2.7313142	3.3410964	3.4974284	3.7325392
incR1060	lnc-FSHB-1:1	2.5218663	2.473364	2.1332357	2.8694081	2.9068093	2.914151
incR1061	lnc-FSHB-8:1	2.9894638	3.216483	2.5911472	3.8804471	3.8246841	4.416004
incR1062	lnc-FUBP1-4:1	1.0573487	1.068709	1.6838937	2.6747231	1.9734446	1.9019765
incR1063	lnc-GABPA-12:1	6.5063744	6.847067	6.989308	7.0562854	7.289026	7.192404
incR1064	lnc-GABRE-9:1	0.94202954	0.94287866	1.7498438	2.5221694	2.227377	1.6931626
incR1065	lnc-GABRG1-2:1	1.5708926	0.9220531	0.91163045	2.4381187	2.6342115	2.3573763
incR1066	lnc-GADD45A-8:1	5.258023	5.0835004	5.593248	5.6233606	5.652665	5.8545637
incR1067	lnc-GADL1-1:1	1.2559764	0.93814045	1.7044623	2.0926874	2.2362099	2.5227482
incR1068	lnc-GALC-11:1	3.5528057	3.2215695	3.0855525	3.908096	4.365659	3.8668544
incR1069	lnc-GALK2-1:1	4.21729	4.546721	4.865915	5.0162177	5.842156	5.0820837
incR1070	lnc-GALNTL2-2:1	4.0739317	4.2172694	4.1663074	4.4373493	5.1341166	4.5042257
incR1071	lnc-GANC-1:1	2.4173298	2.6788254	3.1436894	3.003098	4.0094166	3.9979494
incR1072	lnc-GAS2L3-1:1	1.0570574	1.2666168	1.0647107	2.0869973	1.87081	1.547352
incR1073	lnc-GCK-1:1	3.2169638	3.1055825	3.5680983	3.9211676	4.308115	3.9990242
incR1074	lnc-GCM2-1:1	1.0470599	0.94037116	0.9100231	1.7410069	2.6640034	2.2316985
incR1075	lnc-GFPT2-1:1	5.832958	6.062302	6.1183915	6.528835	6.7407775	6.704126
incR1076	lnc-GGCX-6:1	1.0093639	1.4603884	1.0498887	2.0520504	2.3772635	1.8414054
incR1077	lnc-GIP-3:1	0.8723927	0.8740597	1.4999574	2.1816738	2.5050235	1.9859167
incR1078	lnc-GLB1L2-3:4	2.7897103	2.9246678	2.2904494	3.7241628	3.5873873	4.0096416
incR1079	lnc-GLIPR1-7:1	6.505095	6.9703484	6.9603176	7.241304	7.39614	7.188256
incR1080	lnc-GMDS-12:1	3.4157834	3.554257	2.5096998	4.1782928	4.258677	3.7530046
incR1081	lnc-GMDS-3:6	4.5748725	4.4279027	4.452134	4.7742605	5.0150843	4.931736
incR1082	lnc-GOLGA8A-2:3	1.1046793	1.1632087	1.0657283	1.5097587	2.8739073	1.8160734
incR1083	lnc-GPATCH2-3:1	1.9775153	1.8649042	1.9996885	2.6782205	2.5835967	2.6211045
incR1084	lnc-GPR149-9:1	2.720833	3.0751493	2.8780272	3.357574	3.4653525	3.18552
incR1085	lnc-GPR22-2:1	2.2919457	1.7153031	1.7742265	2.566705	3.0470858	2.7460282
incR1086	lnc-GPR27-13:1	2.4624689	2.670219	2.1491709	3.3816898	3.3685498	3.414346
incR1087	lnc-GPR89B-1:3	1.0338757	1.1589319	2.1344688	2.7302656	3.0173287	2.9439974
incR1088	lnc-GPRIN1-1:2	3.9433055	3.855443	3.455115	4.1585426	4.2541	4.1622977
incR1089	lnc-GRIK3-2:1	2.301237	3.129306	2.1561527	3.0967066	3.5645988	3.6309164
incR1090	lnc-GSG2-3:1	2.7394094	1.9197851	2.6180542	3.3049219	3.9404953	3.5431972
incR1091	lnc-GSTM4-3:1	10.405342	10.442491	10.079158	10.553928	10.948214	10.981926
incR1092	lnc-GTF2A2-4:1	10.273709	10.246814	10.372118	10.561421	11.013241	11.009518
incR1093	lnc-GTF2B-2:3	6.1559258	6.341556	6.407476	6.585082	7.212142	7.1281495
incR1094	lnc-GTF3C1-4:1	3.580456	3.1681256	3.5024967	4.0341625	3.9320288	3.8167176
incR1095	lnc-GTPBP10-1:1	0.88110757	1.953972	0.89970034	2.1708345	2.7093692	2.316232
incR1096	lnc-GZMA-3:1	2.270238	1.9892498	2.3572426	4.294065	3.3790264	3.5385194
incR1097	lnc-GZMK-2:1	3.505846	3.6139097	3.3897583	4.1719847	4.165819	3.9927742
incR1098	lnc-H3F3C-7:1	0.88016903	0.9136193	0.9022404	1.9694574	1.3673587	2.2980528
incR1099	lnc-HAAO-4:1	0.83383954	1.3659934	0.829081	1.6382171	1.6541	2.1973853
incR1100	lnc-HGSNAT-12:1	7.0222964	6.83933	7.297202	7.276951	7.6882153	7.764346
incR1101	lnc-HIST1H2BJ-1:1	1.7345073	1.6018442	0.947333	2.6876822	2.3023243	2.4868107
incR1102	lnc-HLCS-3:1	1.9778339	2.6287951	2.6933777	3.25211	3.3617334	3.4939888
incR1103	lnc-HMGB2-6:1	8.12711	7.863989	8.207135	8.39898	8.688772	8.551494
incR1104	lnc-HMGB3-1:2	4.2027116	4.615577	4.4720106	4.65874	5.01291	5.037052
incR1105	lnc-HMGN3-4:1	4.0409384	4.1867876	4.5661182	4.6249876	4.7026477	4.8575945
incR1106	lnc-HNF1A-1:1	2.0446014	1.938839	1.9640279	3.3777444	2.2926257	2.600173
incR1107	lnc-HOMER2-2:2	6.479737	6.581212	6.523823	6.929983	7.076286	6.9112573
incR1108	lnc-HSPA12A-1:1	1.0356367	0.8754346	1.0140773	1.9397653	1.8396575	1.7728199
incR1109	lnc-HSPB9-4:1	8.224189	8.300046	8.529181	8.608981	8.990651	8.992482
incR1110	lnc-HYI-6:1	1.7730688	2.7764435	2.0522466	2.7024958	3.4498422	3.0132082
incR1111	lnc-IARS2-3:1	4.777167	5.163295	5.311323	5.409933	5.685787	5.452172
incR1112	lnc-IDH1-1:1	14.343004	14.23765	14.393378	14.516439	15.154502	14.791124
incR1113	lnc-IFITM3-3:1	1.1069018	1.0535924	1.5534098	1.969001	2.3685384	2.0152075
incR1114	lnc-IFNK-1:1	3.7447581	3.1494431	3.7583494	4.223972	4.3129706	4.350416
incR1115	lnc-IGLL1-2:4	6.8818245	7.201429	7.206444	7.5407114	7.628743	7.5260315
incR1116	lnc-IKZF2-4:1	1.345674	0.94953537	0.867931	2.3464282	2.1625354	2.7041645
incR1117	lnc-IL10-1:1	12.461021	12.342653	12.31809	12.520628	13.034591	12.8956375
incR1118	lnc-IL17RA-17:1	4.3014727	4.2898107	4.4041653	4.610351	4.9011445	5.1868
incR1119	lnc-IL17RA-22:1	5.6626487	6.0825863	5.873811	6.2518907	6.3984566	6.4286184
incR1120	lnc-IL31RA-3:1	2.8348505	2.127882	2.486904	3.3006017	3.8136299	3.3645632
incR1121	lnc-IL34-4:1	0.9926799	1.0161287	2.3035698	2.4080255	2.423618	2.5258594
incR1122	lnc-ILF2-1:1	5.3095417	5.4576726	5.213916	5.7721357	6.052632	5.662009
incR1123	lnc-IPO9-2:1	3.1722932	2.4533224	2.0671248	3.470603	3.3236492	3.6514797
incR1124	lnc-IQCH-4:1	12.813847	12.88249	12.393791	12.996781	13.319786	13.393967
incR1125	lnc-IRAK1BP1-5:1	2.5616	2.7235618	2.940999	3.5566373	3.3163192	3.5850952
incR1126	lnc-IRS2-8:1	0.9386201	2.0332901	1.6091155	2.2208714	2.725846	2.3237202
incR1127	lnc-ISM1-3:1	2.8888938	3.0874114	3.599845	3.85457	3.8538568	4.1590223
incR1128	lnc-ISPD-1:1	5.871551	6.0809174	5.820188	6.2868724	6.616484	6.9514585
incR1129	lnc-ITPKB-1:1	0.95778954	0.9289674	0.97899073	1.6391569	2.4548419	2.0032082
incR1130	lnc-KANK4-2:1	2.877352	3.0529203	3.1452498	3.5061731	3.3138745	3.5189152
incR1131	lnc-KATNAL2-10:1	9.251604	9.287321	8.942027	9.40675	9.787007	9.606346
incR1132	lnc-KCNA5-4:1	5.6622667	5.8258142	6.0834475	6.18624	6.211547	6.428537
incR1133	lnc-KCNS3-8:1	1.1468168	1.8458906	1.4921217	1.9105672	2.3956752	2.8933516
incR1134	lnc-KCNV2-5:1	3.0185256	3.3425815	1.4397217	4.468889	4.052149	3.6465132
incR1135	lnc-KCNV2-6:1	3.5526478	4.2223167	3.8105311	4.4227777	4.824535	4.594612
incR1136	lnc-KDR-4:1	0.87314886	0.90685236	0.8917095	1.0619961	1.6548377	1.2347465
incR1137	lnc-KIAA0825-3:1	10.929719	11.1154175	10.659385	11.271642	11.584024	11.523081
incR1138	lnc-KIAA1109-2:1	1.1208395	1.1152059	1.2244071	1.8429344	2.8484876	1.7187822
incR1139	lnc-KIAA1586-1:1	4.768629	4.9268184	4.6098046	4.947236	5.7159944	5.7544093
incR1140	lnc-KIAA1671-2:1	3.5210834	3.2304864	3.4180725	3.6712544	4.3160725	4.4042463
incR1141	lnc-KIF16B-5:1	3.8016806	3.6003332	3.990808	4.439578	4.4516497	5.1665373
incR1142	lnc-KIF2C-3:1	6.118101	5.944449	6.3314414	6.424714	6.857958	6.5961227
incR1143	lnc-KLF3-4:1	1.6234164	1.7296715	1.2102599	2.584638	2.6359344	2.7016532
incR1144	lnc-KLF5-12:1	3.47319	3.5505972	3.7110274	3.9822686	3.9394822	4.0501347
incR1145	lnc-KLF7-2:2	0.9632288	0.98339653	1.1523907	2.5709867	2.6341248	2.059164
incR1146	lnc-KLHL23-1:1	4.8605704	4.894113	4.4758267	4.9908733	5.2172055	5.276774
incR1147	lnc-KLHL29-4:1	0.971509	1.058182	1.0964351	2.1253173	1.2273722	2.3799348
incR1148	lnc-KRBA2-1:3	13.123568	13.312097	12.871858	13.447905	13.722874	13.649787
incR1149	lnc-KRT80-8:1	1.4971539	1.1782359	1.2825055	2.0299528	2.9642773	3.0003934
incR1150	lnc-LARP4-2:1	11.658113	11.810606	11.330247	11.942533	12.130432	12.104906
incR1151	lnc-LCORL-1:1	1.1377327	1.086514	1.2846037	1.5477734	1.7106783	1.6873322
incR1152	lnc-LHPP-6:3	1.0905116	1.0383127	1.0964152	2.9553888	2.3027883	2.5028596
incR1153	lnc-LIG4-2:1	2.9302137	2.5472965	2.6442192	3.2316287	3.4447231	3.0768085
incR1154	lnc-LILRA4-1:1	6.4293323	6.8027782	6.407929	6.745631	7.3504467	7.2797446
incR1155	lnc-LINGO2-4:1	0.97298056	2.15594	1.0075848	3.143427	2.588408	3.0086958
incR1156	lnc-LRAT-2:1	4.8801613	4.8686447	5.1399555	5.4089	5.396338	5.33398
incR1157	lnc-LRMP-2:1	5.5599546	5.4743285	5.66211	5.858983	6.1230617	6.1093287
incR1158	lnc-LRP1B-3:1	4.013618	4.2856936	4.551004	4.6332827	5.2576637	4.914581
incR1159	lnc-LRP1B-9:1	3.376637	3.6509464	3.3287358	3.7518153	4.3805256	4.0767083
incR1160	lnc-LRPPRC-3:1	0.95243543	0.94879997	0.92774224	2.4174144	2.1693857	1.2469568
incR1161	lnc-LRRC4-1:1	0.92505777	1.1463753	0.90936387	2.1324968	2.3613887	2.0687
incR1162	lnc-LRRC8D-2:1	5.788212	6.0855956	5.9832983	6.244585	6.5589523	6.5011153
incR1163	lnc-LRRN2-1:1	0.95888215	0.9691817	0.9836049	1.3403875	2.6759202	2.896273
incR1164	lnc-LTN1-2:2	13.349596	13.407704	13.079206	13.500411	13.734524	13.783493
incR1165	lnc-LYPLAL1-4:1	1.1208979	1.4310677	1.194407	1.6204062	2.6803355	2.9291313
incR1166	lnc-MAN1A1-1:3	4.1278057	4.034231	3.8788888	4.6194277	4.550255	4.7646136
incR1167	lnc-MANEA-16:1	5.1063437	4.9025645	5.0855865	5.5668697	5.5130386	5.807669
incR1168	lnc-MANSC4-5:1	5.5125594	6.0237074	5.9774437	6.2306867	6.347518	6.3771315
incR1169	lnc-MAP1LC3B-7:2	3.0818431	3.136921	2.653583	3.3419244	3.4508758	3.3120742
incR1170	lnc-MAP2K6-6:1	4.095769	4.3236628	4.126567	4.5958133	4.938694	4.8856654
incR1171	lnc-MAPK15-4:1	3.9068942	3.9749289	3.9793804	4.175763	4.486232	4.592777
incR1172	lnc-MAPK6-5:1	5.6513844	5.84271	5.9743357	6.005076	6.4353905	6.4773736
incR1173	lnc-MARCH11-3:1	2.5127985	2.582381	2.3527665	3.1948352	3.174172	3.4319677
incR1174	lnc-MAT2A-1:1	1.5900035	2.0695078	2.5918188	3.5915205	2.564063	3.485604
incR1175	lnc-MAX-12:1	7.6468472	7.76501	7.894285	8.161877	8.691901	8.701198
incR1176	lnc-MCHR2-1:1	9.619142	9.573788	9.416867	9.6732	10.085342	10.080007
incR1177	lnc-MDH1B-6:1	4.7975698	4.7850366	4.5594187	5.2706017	5.3497996	5.373198
incR1178	lnc-MED31-1:1	3.3238606	3.7648711	3.629239	4.1823273	4.12897	3.9159603
incR1179	lnc-MEF2A-3:1	3.650158	3.4821358	3.5830119	3.8989544	4.1868787	4.0662766
incR1180	lnc-MELK-2:1	4.957428	4.634578	5.2898006	5.5665727	5.896532	5.762559
incR1181	lnc-MEP1A-3:1	5.9654403	6.1624565	5.93055	6.25351	6.499632	6.5558534
incR1182	lnc-METTL20-2:1	1.3949411	1.2438049	1.8428949	2.6344905	2.9776628	2.2339475
incR1183	lnc-MEX3A-1:1	4.239217	4.0040607	4.3228364	4.507722	4.7633643	5.0413837
incR1184	lnc-MEX3C-6:1	8.168106	8.527237	8.171095	8.5287485	8.89154	8.754967
incR1185	lnc-MFAP4-3:8	1.284447	2.35494	2.2327998	2.7266254	3.0184197	3.3909802
incR1186	lnc-MICALCL-2:1	1.8052195	1.626214	1.7553909	2.7035427	2.6090386	2.5777762
incR1187	lnc-MICALCL-6:1	4.037956	4.254653	3.619032	4.3059115	4.7840405	4.840715
incR1188	lnc-MIER3-4:1	4.81284	4.9839005	4.6198854	5.5314775	5.0988283	5.1270533
incR1189	lnc-MITF-11:1	1.9522933	2.845133	2.478899	3.4520726	3.616968	3.5505667
incR1190	lnc-MLF1-5:2	5.4689617	5.641414	5.84931	6.0199957	6.2814665	6.0790286
incR1191	lnc-MLH3-2:1	2.8995395	3.0717266	2.5519001	4.3477364	3.6355848	3.3656023
incR1192	lnc-MLLT3-2:1	3.1666982	2.480762	2.2036796	3.560233	3.2174194	3.4464703
incR1193	lnc-MN1-9:1	3.1676702	2.9386487	3.5532014	3.8332965	4.459257	4.390331
incR1194	lnc-MOCS1-3:1	13.925305	13.939167	13.617911	14.063906	14.335766	14.412714
incR1195	lnc-MPDZ-3:1	2.342769	1.1844769	1.1905881	2.7791314	3.652618	3.2373836
incR1196	lnc-MPPE1-4:1	1.59013	1.7223641	1.6453184	2.706935	2.7467937	2.774266
incR1197	lnc-MRPL1-2:1	2.3742964	2.089166	2.776684	3.098492	3.2978754	3.708066
incR1198	lnc-MRPL34-1:1	9.268157	9.031962	9.295235	9.622444	9.787788	9.625854
incR1199	lnc-MRPL41-1:1	4.48677	4.697882	4.7297373	4.914249	5.1483145	5.1308618
incR1200	lnc-MS4A5-2:1	2.9955902	2.7841032	2.8245661	3.5411563	3.7587736	3.4460955
incR1201	lnc-MSN-1:3	5.320086	5.725979	5.417726	5.8194594	5.8484063	6.138993
incR1202	lnc-MTRNR2L1-9:1	3.5599487	4.3791986	3.728224	4.3475504	4.7069893	4.6569943
incR1203	lnc-MTRR-10:1	3.4115088	3.2804387	3.5329795	3.890865	3.6704228	4.0481367
incR1204	lnc-MYH15-1:2	6.355515	6.671762	6.470487	6.6615987	7.1106358	7.2031913
incR1205	lnc-MYO10-15:1	2.6306968	2.9004097	2.8277583	3.5833123	3.719174	3.191979
incR1206	lnc-MYO10-6:2	1.135144	0.98121005	0.908684	1.4854747	2.295992	1.5617492
incR1207	lnc-MYO19-1:4	5.028768	4.816159	5.0666323	5.1962967	5.6749754	5.865675
incR1208	lnc-MYO9A-1:1	4.5468316	4.7831945	5.0484343	5.1832685	5.3325186	5.085354
incR1209	lnc-N4BP2-3:5	2.304411	2.7088737	2.3791776	3.2648828	2.9343436	3.7797482
incR1210	lnc-NAA50-4:1	10.449336	10.258081	10.392929	10.608754	11.245062	11.227567
incR1211	lnc-NAP1L5-4:1	1.3354543	1.5187387	2.6975384	3.286778	2.5631077	3.3632865
incR1212	lnc-NBAS-11:1	5.632158	5.577825	5.724789	6.196165	6.238468	6.161033
incR1213	lnc-NBEA-6:1	3.8647366	4.2921124	4.042249	4.4755087	4.937169	4.706518
incR1214	lnc-NBN-7:1	1.2807931	1.817143	0.8116467	2.1552064	1.9396889	2.0847676
incR1215	lnc-NBPF3-3:2	0.8565889	0.85039115	0.8905892	2.4012997	1.5765662	1.2525082
incR1216	lnc-NDEL1-5:1	2.9798946	3.0841677	2.587871	3.5937836	3.201585	3.6911964
incR1217	lnc-NDFIP2-21:1	10.8285885	11.093761	10.821813	11.099539	11.586147	11.590109
incR1218	lnc-NDUFS6-13:1	3.2647176	3.0312395	3.62428	4.0310955	4.0244513	3.598451
incR1219	lnc-NFKBIA-7:2	0.8877904	0.8913618	0.8786421	1.6783677	1.8058403	2.0974064
incR1220	lnc-NIPAL2-6:1	5.782147	5.8687863	5.7969136	6.140584	6.4938045	6.18624
incR1221	lnc-NKX1-2-3:1	6.5533113	6.5421634	6.3511353	6.9052534	7.198575	6.9515734
incR1222	lnc-NKX2-5-5:1	7.746189	8.2250805	7.99369	8.1785345	8.589273	8.571225
incR1223	lnc-NLRP3-5:1	1.438635	2.3086998	2.2252765	3.4455342	3.8698325	2.9653509
incR1224	lnc-NMU-4:1	4.802141	4.8924685	4.479538	5.1723537	4.9152637	5.265338
incR1225	lnc-NPBWR1-4:1	5.05179	5.055835	4.6129713	5.226973	5.3286605	5.3999057
incR1226	lnc-NPVF-8:1	4.5623264	4.7561126	4.570959	4.784267	5.1287675	5.147217
incR1227	lnc-NR2F2-10:1	11.845839	11.977101	11.536272	12.008295	12.428429	12.320522
incR1228	lnc-NR2F2-13:1	0.9859537	0.96969515	0.9546651	3.685533	2.0802276	3.1677365
incR1229	lnc-NR3C1-1:1	1.3300543	2.4865499	0.98037505	3.271609	2.3286066	3.0356283
incR1230	lnc-NRSN1-3:1	2.3346527	2.4472568	1.5253786	2.7920344	3.0954497	3.193751
incR1231	lnc-NRSN2-1:1	4.410039	4.8438864	4.536642	4.8305016	5.2943826	5.2872796
incR1232	lnc-NTM-6:3	1.7551035	1.135277	1.2740366	2.909363	1.7274606	2.5082133
incR1233	lnc-NTRK1-1:1	3.7474208	3.6362114	2.9116256	4.141956	4.3596673	4.3184805
incR1234	lnc-NTRK3-6:2	1.9718026	1.8126895	1.1310275	3.4501061	2.886764	2.3668275
incR1235	lnc-NUMB-4:1	1.0224191	1.0233344	1.0716145	2.304048	1.8490887	2.7893486
incR1236	lnc-OBFC2A-15:1	0.80985	0.8412508	0.8067631	2.0346344	1.5156441	1.2153621
incR1237	lnc-OCA2-1:1	3.7026942	3.723566	3.8726864	4.4028015	4.060893	4.363711
incR1238	lnc-OR11L1-2:1	6.2794456	6.349829	6.404418	6.640202	7.095915	6.6383986
incR1239	lnc-OR4F16-9:1	8.012064	8.352232	8.149141	8.4752655	8.83813	8.71033
incR1240	lnc-OR6J1-1:1	11.311041	11.51125	11.057695	11.66196	11.937651	11.879791
incR1241	lnc-OR8B12-1:1	1.4945397	1.1666467	1.0813806	2.7799306	3.0944831	2.041875
incR1242	lnc-ORC6-4:1	1.6831355	1.4483318	0.90651274	2.6135876	2.3153355	2.7658727
incR1243	lnc-OSR1-6:3	3.1346912	2.90532	2.8719738	3.8152273	3.912467	3.8807116
incR1244	lnc-OXNAD1-6:1	2.5960548	2.3381038	0.801509	3.1643634	3.4599059	3.4710882
incR1245	lnc-PASD1-2:1	3.3142753	4.09746	3.7695959	4.120675	4.394167	4.533926
incR1246	lnc-PAX5-6:1	6.2154307	6.385796	6.3773527	6.4829464	6.9514585	7.0160823
incR1247	lnc-PAX9-6:1	4.3431373	4.3986344	4.430928	4.8056507	4.900633	4.8512435
incR1248	lnc-PAXIP1-8:1	1.3353742	0.9758725	1.4601241	1.6556432	2.165255	2.8464208
incR1249	lnc-PCBD1-5:1	0.8949799	0.99317	0.92819417	1.6582798	1.720049	1.105962
incR1250	lnc-PCDH20-15:1	4.66751	5.084234	4.738358	5.0859957	5.3704233	5.443709
incR1251	lnc-PCNXL2-4:1	4.0172367	3.3396692	3.8046718	4.5987954	5.032791	4.5564876
incR1252	lnc-PCTP-1:1	4.41343	4.2611985	4.2042465	4.785456	4.621017	4.827598
incR1253	lnc-PDCD2L-4:1	3.577755	3.636827	3.6850677	4.1598887	4.211806	3.8446684
incR1254	lnc-PDE7A-1:1	5.608251	5.716652	5.747361	5.9969687	6.209689	6.1161976
incR1255	lnc-PDHA2-5:1	9.869144	10.261328	10.433637	10.758817	10.796452	10.441475
incR1256	lnc-PDIA6-2:1	13.083223	13.017969	12.780255	13.089147	13.510274	13.451868
incR1257	lnc-PDP1-1:1	4.34974	4.4254837	4.4944134	4.9996223	5.012998	5.1316986
incR1258	lnc-PDS5B-1:1	2.1317105	2.4227314	2.4725332	3.6443424	3.5228891	3.5414357
incR1259	lnc-PDZD3-1:4	2.586804	3.4098306	2.1054673	3.7234864	3.6468415	3.8012261
incR1260	lnc-PDZRN3-1:1	7.42652	7.6434245	7.6055746	7.886303	8.115577	7.935389
incR1261	lnc-PELI2-8:1	1.9211018	1.0978162	1.7106783	2.5228581	2.6341631	3.0313673
incR1262	lnc-PEX2-7:1	2.4476728	2.0037963	1.5497414	3.4664335	3.4397347	3.4781013
incR1263	lnc-PEX3-2:1	11.200865	11.347322	10.907876	11.390297	11.740851	11.588655
incR1264	lnc-PEX3-4:1	5.5613794	5.6759043	5.6626487	5.821539	6.233954	6.405772
incR1265	lnc-PFKP-27:3	2.3323717	2.666489	2.6990583	3.1411724	2.9153638	2.9056015
incR1266	lnc-PHF14-14:11	0.99616474	0.9793588	1.0349138	1.7118955	1.2511629	1.9642682
incR1267	lnc-PHKB-5:1	2.8551097	3.4759388	3.0103064	3.6850677	3.5691485	3.9958131
incR1268	lnc-PIDD-1:1	4.061576	4.107351	3.8353372	4.673278	4.1663737	4.422307
incR1269	lnc-PIGF-4:1	3.2587178	3.467407	3.6116138	4.1018944	3.9429204	4.1315513
incR1270	lnc-PIGK-2:1	1.4588073	2.1437986	1.7193036	2.0950685	2.4533844	2.5270102
incR1271	lnc-PION-5:1	3.7954364	3.8481605	3.3679776	4.3000293	4.3062425	4.370509
incR1272	lnc-PITPNB-3:1	1.2353604	0.9647733	1.920412	1.8682559	2.1839762	2.21651
incR1273	lnc-PITX1-6:1	7.50461	7.6307373	7.2507706	7.793	8.043265	8.018132
incR1274	lnc-PIWIL4-2:2	4.2681713	3.856662	2.9886367	4.62956	5.4895167	5.2747374
incR1275	lnc-PKDREJ-3:1	2.7948995	2.6280746	2.852745	3.45385	3.2700448	3.1433432
incR1276	lnc-PLA2G12A-1:1	2.9407592	3.1988544	3.3493943	3.6736248	3.831734	3.8686807
incR1277	lnc-PLA2G4A-15:1	2.4564009	2.7504227	2.0659723	2.787352	3.1527524	3.1406188
incR1278	lnc-PLD3-3:1	6.2012234	5.9536414	6.551055	6.6052475	6.879271	6.703649
incR1279	lnc-PLEKHG6-3:1	4.183137	3.962336	4.5726585	4.6526847	4.8399034	4.9026427
incR1280	lnc-PMVK-7:1	2.3717618	2.6358433	2.8655293	3.3682911	3.3495479	3.1483696
incR1281	lnc-POLN-1:3	5.0454764	4.6524544	4.9655185	5.3101954	5.2899218	5.3003683
incR1282	lnc-POLR3E-1:1	0.91204804	1.0212873	0.9518956	2.1832974	2.6318982	2.1232605
incR1283	lnc-POLR3F-1:1	12.009911	12.288446	11.987235	12.298031	12.73888	12.712233
incR1284	lnc-POU3F1-4:1	4.481336	5.1112604	4.5111923	5.4022946	5.338264	5.164495
incR1285	lnc-PPP1R3B-7:1	0.9524082	0.9031767	0.97032523	1.646695	1.6264827	1.8403289
incR1286	lnc-PPP4R1-20:1	4.339063	4.42981	4.179323	4.7051253	4.695875	4.877307
incR1287	lnc-PPP4R2-2:1	2.0460277	2.5192034	1.2020957	2.9721255	2.614152	3.0322697
incR1288	lnc-PRDM7-3:1	2.9106119	2.8299646	3.0342085	3.9796574	3.4568925	3.8293798
incR1289	lnc-PRELID1-2:1	9.86365	10.215063	9.816906	10.125936	10.740875	10.666935
incR1290	lnc-PRELID2-1:2	7.2753196	7.4067783	7.4880505	7.6128683	7.92012	7.825274
incR1291	lnc-PRKAA2-9:1	7.1119394	6.859508	6.810705	7.286501	7.324093	7.350883
incR1292	lnc-PRKD1-9:1	4.1877146	4.2533712	4.3654313	4.6355615	5.0724707	4.8217998
incR1293	lnc-PRMT6-8:1	1.279163	1.5236179	1.6030536	2.298144	2.3554711	1.9629686
incR1294	lnc-PRR20A-6:1	4.6686378	4.722888	5.083939	5.0701227	5.367607	5.310452
incR1295	lnc-PRSS3-4:1	9.313657	9.127313	9.607142	9.837654	9.679354	9.744598
incR1296	lnc-PSMA6-3:1	13.455413	13.845803	13.353794	13.8215685	14.330588	14.175031
incR1297	lnc-PSMB7-3:1	8.040233	8.098083	7.8778615	8.321623	8.597563	8.673861
incR1298	lnc-PSMC2-2:1	8.835454	8.6043	9.11971	9.194009	9.371692	9.174743
incR1299	lnc-PSORS1C1-1:2	5.1896973	5.5847716	5.2509203	5.543413	5.8832197	5.856211
incR1300	lnc-PTH-2:1	0.911435	0.9200165	1.1270893	1.4870307	1.6758196	1.2984158
incR1301	lnc-PTH2R-2:1	3.2332525	2.9515588	2.5034156	3.9617827	4.0124874	4.095998
incR1302	lnc-PTN-6:1	3.3869512	3.6071053	4.238754	4.49635	4.588015	4.4411163
incR1303	lnc-PTPN20C-1:1	1.1254833	1.2319272	1.0422399	1.6963001	1.9386075	1.5695626
incR1304	lnc-PTPRB-4:1	3.393511	3.7833061	3.2866092	3.937416	3.9277432	3.8852217
incR1305	lnc-PUS10-4:7	3.5086129	3.0796022	3.4491866	4.053229	3.755045	3.7704012
incR1306	lnc-PXDC1-4:1	3.3456788	3.9753575	3.4391859	4.059867	4.2695	4.247621
incR1307	lnc-PXDC1-8:1	2.7033527	2.7132792	3.1634815	3.2568498	3.8930705	3.4193766
incR1308	lnc-QTRT1-3:1	5.3861914	5.627964	5.5213504	5.8004217	6.246727	6.1552715
incR1309	lnc-RAB17-1:2	3.740079	3.5815537	3.96486	4.287679	4.1432896	4.1675644
incR1310	lnc-RABEP1-1:1	4.2690115	3.629239	3.1602557	4.2941236	4.969739	4.748634
incR1311	lnc-RABEP2-2:2	1.7479894	1.8047334	2.2897696	2.6602619	2.4287095	2.3903935
incR1312	lnc-RAD9A-6:2	5.5168347	5.5742583	5.384944	5.6511583	6.3733506	5.99205
incR1313	lnc-RAG1-2:1	2.3134289	1.8695253	2.1787052	2.6379976	3.1678524	2.6270669
incR1314	lnc-RAPH1-1:1	3.2936225	4.126185	3.7977514	4.385241	4.2941236	4.3125496
incR1315	lnc-RAPH1-5:1	1.3100543	1.1053337	1.1234777	1.7101243	1.7323095	1.5221246
incR1316	lnc-RARS2-2:1	0.8732194	1.4845194	2.66737	3.1100671	3.2151062	2.9665756
incR1317	lnc-RARS-5:1	3.223686	3.4832149	3.7802153	4.096415	3.8837667	4.2346587
incR1318	lnc-RBM6-3:1	1.7049892	0.9631041	2.0424304	2.9086232	2.556231	2.4670658
incR1319	lnc-RBPMS-2:1	2.4123967	2.95169	1.7934523	3.1305249	3.3737946	3.480837
incR1320	lnc-RCL1-2:1	2.0328758	2.207264	2.1181095	3.5333188	2.6819077	2.9281695
incR1321	lnc-RDX-8:1	4.7037435	4.7191243	5.073278	5.214444	5.3760433	5.2770886
incR1322	lnc-REEP3-9:1	2.1147003	2.3170369	2.5190127	2.9155095	2.5122373	3.1790104
incR1323	lnc-RFPL3-4:1	5.762676	5.7648683	5.635757	6.293768	6.024852	6.1667566
incR1324	lnc-RFPL4B-1:11	1.9779617	2.443104	1.6526664	3.1247554	3.251291	2.8545907
incR1325	lnc-RFXAP-3:4	1.7592027	2.383654	2.0182395	2.7099793	3.5168767	3.7058098
incR1326	lnc-RGMA-15:1	1.7444752	1.0559245	1.1219604	2.2484226	2.4414747	2.5015626
incR1327	lnc-RGPD8-5:1	5.7775817	5.9347363	6.148514	6.1667566	6.5391726	6.330702
incR1328	lnc-RGS5-3:1	8.921513	8.739804	9.214714	9.372285	9.544409	9.391685
incR1329	lnc-RGS9-8:1	5.0777955	5.221625	4.6781235	5.410112	5.4090633	5.413979
incR1330	lnc-RHD-4:1	2.2288632	2.5015967	2.8502412	2.9490817	3.4843936	3.1430454
incR1331	lnc-RIMBP2-8:1	2.9437196	2.2652829	2.305704	3.2881365	3.0911968	3.1557848
incR1332	lnc-RNASE13-4:3	2.7068403	2.8093343	3.0696769	3.1735313	3.8150032	3.7523212
incR1333	lnc-RNASE6-2:1	3.77607	3.760574	3.698215	4.405134	3.9614794	4.138824
incR1334	lnc-RNF139-1:1	4.2098417	4.3302064	4.2134953	4.9404163	5.0544577	5.013442
incR1335	lnc-RNF146-6:1	0.93149316	2.1100957	0.9494831	3.2617273	2.2104669	2.9551373
incR1336	lnc-RNF4-1:1	3.8375323	3.8456912	3.8146553	4.0310297	4.27209	4.6610966
incR1337	lnc-ROPN1L-5:1	12.605724	12.90893	12.448093	12.922207	13.533233	13.415465
incR1338	lnc-RP11-1134I14.8.1-6:1	6.293768	6.6501403	6.335948	6.8308587	6.699423	6.9471645
incR1339	lnc-RP11-1277H1.1.1-12:1	4.42518	4.223644	4.3210382	4.9788437	5.2925897	5.248739
incR1340	lnc-RP11-17M16.1.1-8:1	3.3501558	2.7763484	3.4318619	3.6047912	3.9342108	4.566477
incR1341	lnc-RP11-210M15.2.1-6:1	1.4376147	1.5266119	1.5945959	2.3908403	3.3393874	2.6868968
incR1342	lnc-RP11-297N6.4.1-1:1	6.859112	7.2393503	7.1744514	7.363276	7.768622	7.4717274
incR1343	lnc-RP11-407N17.3.1-2:1	6.947778	7.1850553	6.7591696	7.254817	7.6272874	7.376622
incR1344	lnc-RP11-463D19.2.1-2:1	1.3193071	0.9928035	0.97505975	2.3303096	1.4221457	1.8905901
incR1345	lnc-RP11-527L4.2.1-1:1	6.2648716	6.7382655	6.6397805	6.878358	7.105833	6.905184
incR1346	lnc-RP11-571M6.15.1-1:2	7.816783	8.247813	8.190921	8.501152	8.513027	8.541682
incR1347	lnc-RP11-680F20.9.1-2:1	1.943711	1.3257365	2.2475102	2.8203466	2.5115345	2.5771313
incR1348	lnc-RP11-680F20.9.1-2:4	3.7015538	3.394905	4.0203276	4.509924	4.640995	4.947432
incR1349	lnc-RP11-778D12.2.1-2:1	0.82652557	1.3491548	0.8307876	2.37259	1.604149	1.5528392
incR1350	lnc-RP11-796G6.2.1-2:1	11.858761	12.050743	11.626707	12.195712	12.506359	12.503493
incR1351	lnc-RP11-796G6.2.1-3:1	4.592591	3.9664292	3.7808447	4.5504594	5.2864904	5.063699
incR1352	lnc-RP11-884K10.5.1-3:1	3.290932	3.4919145	2.989961	3.772047	3.9025037	4.1009493
incR1353	lnc-RP4-604K5.1.1-11:1	2.1744647	2.941647	2.6654391	3.0273955	3.7433102	3.5843155
incR1354	lnc-RP5-915N17.9.1-2:1	3.3344595	3.6413116	3.0642061	3.5749059	4.3057275	4.31208
incR1355	lnc-RPA3-1:1	4.0863466	3.7370257	4.0572286	4.2866015	4.459357	4.367297
incR1356	lnc-RPL36A-2:1	9.893301	9.907063	9.913492	10.161937	10.657622	10.615824
incR1357	lnc-RPL7A-2:1	11.158534	11.233387	11.096195	11.285623	11.793585	11.777524
incR1358	lnc-RPS24-15:1	4.9720325	5.5314775	5.244453	5.584146	5.91335	5.709992
incR1359	lnc-RPS27L-5:1	3.1264815	3.5596747	3.273126	3.730867	4.0726666	3.8317857
incR1360	lnc-RPS5-1:1	1.9526209	0.9824725	1.0140675	2.3661606	3.0059893	1.9024115
incR1361	lnc-RPS6KA5-1:1	3.531888	3.2746334	3.0117383	3.6408193	3.945394	4.096619
incR1362	lnc-RPS6KC1-2:1	2.9135313	3.3262725	3.123826	3.8539488	3.9257512	4.0609937
incR1363	lnc-RPUSD3-2:1	6.8124285	6.5909753	6.916746	7.0030036	7.454152	7.3054557
incR1364	lnc-RSPO2-1:1	7.8587027	8.189853	7.871747	8.361118	8.836269	8.547489
incR1365	lnc-RTN4-1:1	3.4587169	2.936181	3.0248816	3.3755484	3.7229362	3.7844884
incR1366	lnc-RTN4R-3:1	4.9569287	5.3825173	5.296089	5.6256785	5.7670555	5.6830225
incR1367	lnc-RWDD3-6:1	2.743209	2.9206553	2.3403955	3.2965417	3.4525263	2.984182
incR1368	lnc-S100B-1:1	4.087885	3.955291	4.118349	4.477225	4.6531696	4.5053024
incR1369	lnc-SATB2-3:1	5.1315165	5.2413707	5.2363396	5.5243855	5.8523	5.4418225
incR1370	lnc-SCARF2-5:1	4.052764	3.7490783	3.412669	4.2851033	4.2367067	4.466673
incR1371	lnc-SCLT1-4:2	3.966298	4.268681	4.0182843	4.521349	4.3725867	4.543014
incR1372	lnc-SDSL-9:1	5.862454	5.638752	6.102621	6.2106676	6.5316715	6.211701
incR1373	lnc-SEBOX-1:1	2.2505136	2.8525434	2.8508954	3.6116855	3.0768085	3.1326687
incR1374	lnc-SEPW1-2:1	7.778621	7.8496256	7.534867	7.882169	8.291392	8.181094
incR1375	lnc-SERPINA7-1:1	4.082344	3.7606413	3.3725884	4.5129495	4.7200584	4.837841
incR1376	lnc-SH2B2-6:1	2.4018986	2.209182	2.1910527	2.8174968	3.052732	2.7051072
incR1377	lnc-SHANK2-4:1	4.174055	4.1890044	4.269104	4.860126	4.712188	4.6469426
incR1378	lnc-SHPRH-6:1	0.93021905	1.3051251	0.9529521	1.5374484	1.8042407	1.943912
incR1379	lnc-SIRT4-7:1	1.7041166	1.9408854	2.8608165	2.9274092	3.4826288	3.266834
incR1380	lnc-SLC12A1-1:1	2.0391426	1.2418311	1.567107	2.6900594	2.7588866	2.0449443
incR1381	lnc-SLC15A4-21:1	2.0295234	1.9559101	1.746105	2.2362099	2.8704226	2.2355037
incR1382	lnc-SLC17A6-1:1	1.3847432	1.6447297	1.023351	2.4143174	2.8022752	2.1936433
incR1383	lnc-SLC24A4-1:1	4.6684074	4.917228	4.7135386	5.282433	5.2559605	5.339082
incR1384	lnc-SLC25A15-1:1	2.036986	2.7212696	2.3673205	3.1783864	3.049562	3.072468
incR1385	lnc-SLC25A43-1:1	3.5847304	4.1025224	3.7092488	4.331643	4.411633	4.1218038
incR1386	lnc-SLC35A1-4:1	4.5115404	5.0800486	4.6569157	5.2559605	5.250545	5.369461
incR1387	lnc-SLC35F5-6:1	2.6008496	2.8776176	2.4174373	3.1492314	3.6156085	3.2245262
incR1388	lnc-SLC6A17-1:1	5.051201	5.1488357	5.2220488	5.387027	5.6524105	5.595775
incR1389	lnc-SLC6A17-3:1	5.719928	5.8235292	5.079213	5.952408	6.4361243	6.365155
incR1390	lnc-SLC6A3-1:1	4.0401173	4.2850456	4.542754	4.684689	5.121717	4.914416
incR1391	lnc-SLCO1A2-4:1	7.739741	7.921798	7.124131	8.097787	8.497961	8.203248
incR1392	lnc-SMAD4-2:1	1.287862	0.92322695	1.9411181	2.2529001	2.5988977	2.285676
incR1393	lnc-SMARCC2-2:1	1.2102256	1.3469211	1.7121494	2.4747438	2.1124685	1.7364969
incR1394	lnc-SMN1-3:1	2.2546144	2.1831398	2.7242322	3.0119293	3.0941448	3.4031134
incR1395	lnc-SNAPC5-4:3	9.282023	9.748913	8.833746	10.078306	9.952658	9.963595
incR1396	lnc-SNRPE-3:1	3.890563	3.9285297	4.366506	4.8036895	4.5401506	4.73599
incR1397	lnc-SNURFL-4:1	2.9259384	2.9354606	3.4231834	3.82631	3.4133046	3.6450903
incR1398	lnc-SNX13-2:5	3.9078932	3.9770525	4.2484994	4.9644017	4.713592	4.563715
incR1399	lnc-SOX21-7:1	5.8825083	5.9898047	6.0647244	6.3568487	6.4176006	6.512639
incR1400	lnc-SPERT-3:1	1.6322362	1.7697139	2.173784	2.9242196	2.1715515	3.1086838
incR1401	lnc-SPG11-4:1	1.0001637	0.881022	1.7774031	2.5048976	1.8607118	2.8048894
incR1402	lnc-SSB-1:1	5.382137	5.119406	5.6447425	5.9337935	5.938368	6.2211637
incR1403	lnc-STAMBP-1:1	5.4473453	5.3556013	5.4705243	5.8228655	6.1647263	6.2731586
incR1404	lnc-STIM2-13:1	1.355461	1.9243644	1.9585971	2.264122	2.3746371	2.4316714
incR1405	lnc-STIM2-7:1	1.2879784	1.6356554	1.3127464	2.7824678	2.4662046	2.2653692
incR1406	lnc-STRBP-5:1	10.450152	10.671594	10.2729225	10.621956	11.137685	11.125059
incR1407	lnc-STRN3-1:5	3.4744706	3.2523115	2.9127612	3.5772867	3.8111048	3.558508
incR1408	lnc-STX16-4:1	3.630821	3.6452894	3.8738897	3.9927742	4.4507666	4.396431
incR1409	lnc-STYX-9:1	0.9792992	0.9440001	1.0030192	1.4990977	2.6187806	2.8473003
incR1410	lnc-SUN5-1:1	2.1599765	2.7074003	2.1874309	2.9044037	3.1807709	3.0368695
incR1411	lnc-SYCP1-1:1	2.3050182	2.2697957	2.4258924	2.8929937	3.4222667	3.0362291
incR1412	lnc-SYCP2-3:1	2.4313319	2.0443704	2.250707	2.612217	3.0565493	3.2495341
incR1413	lnc-SYNE2-4:1	9.363723	9.873899	9.716769	9.993714	10.22897	10.041994
incR1414	lnc-TARBP1-9:1	5.380786	5.760309	5.6464853	5.8484063	6.539377	6.207557
incR1415	lnc-TATDN3-1:1	9.981007	10.022407	9.777214	10.394925	10.865968	10.751612
incR1416	lnc-TBX20-4:2	9.347557	9.760828	9.230182	9.734457	9.980823	10.097307
incR1417	lnc-TCF21-3:2	5.9343777	6.121694	6.496602	6.7409825	6.7717857	6.684604
incR1418	lnc-TCHP-1:3	0.8323084	1.6695001	1.1102717	3.3064103	1.9450278	2.693979
incR1419	lnc-TDRD9-1:1	2.1074517	1.4399323	1.3790748	2.5447464	2.24863	2.6900594
incR1420	lnc-TECPR1-2:1	1.2662649	0.93930334	0.917651	1.9585971	1.4378821	2.2968922
incR1421	lnc-TEK-1:1	8.033695	7.832036	8.171666	8.333725	8.855694	8.804794
incR1422	lnc-TEKT4-3:1	11.962641	11.881374	11.458456	12.145271	12.361215	12.393791
incR1423	lnc-TELO2-1:1	0.93163675	0.8971109	0.95200646	1.3375468	2.608569	2.032213
incR1424	lnc-TFAP2A-12:1	6.083239	6.358665	6.383129	6.6500373	6.736925	6.842737
incR1425	lnc-TFCP2-4:2	6.526175	6.6655507	6.3419776	6.901814	6.9347496	7.2112947
incR1426	lnc-TGFBRAP1-4:2	1.1185615	1.6038147	2.0052853	2.3397071	2.4123967	2.6993349
incR1427	lnc-THSD4-1:1	6.840915	6.9008064	7.1436496	7.2876177	7.7051125	7.454294
incR1428	lnc-TIMP3-4:1	1.5207038	2.1384933	0.8944923	3.0318472	2.3655684	2.7980182
incR1429	lnc-TIPRL-1:1	11.223471	11.386956	11.003638	11.459911	11.872322	11.728828
incR1430	lnc-TLE1-7:1	8.120914	8.346693	8.323124	8.542265	8.727045	8.735281
incR1431	lnc-TLE4-3:1	6.298788	6.456174	6.3081493	6.613691	6.892494	6.7856774
incR1432	lnc-TMED7-1:2	3.586162	3.6725373	4.03467	4.2702465	4.5320287	5.2066026
incR1433	lnc-TMEM171-1:1	7.638378	7.7711377	7.352112	8.098597	7.945155	8.069044
incR1434	lnc-TMEM173-4:1	0.87224734	0.9801873	0.9028442	1.5418772	1.6752911	1.4230043
incR1435	lnc-TMEM174-1:1	2.8877323	3.1573527	2.9892623	3.2010386	3.5630465	3.4892085
incR1436	lnc-TMEM182-7:1	3.6342812	2.2139673	2.8795502	3.9253862	4.055111	4.0142894
incR1437	lnc-TMEM183A-2:1	6.1433825	6.436209	6.4779105	6.699657	6.707329	6.816605
incR1438	lnc-TMEM74-2:1	0.9829302	1.076636	0.94190365	1.6498078	1.7145526	1.6719806
incR1439	lnc-TMEM75-4:1	5.5665727	6.008294	5.837679	6.113543	6.4233365	6.2945766
incR1440	lnc-TNFAIP8L1-3:1	11.243215	10.9454	11.10127	11.297307	11.871843	11.974491
incR1441	lnc-TOPBP1-5:1	3.1249168	2.9214091	2.6899736	3.4382842	4.1424074	3.7416127
incR1442	lnc-TOX4-2:1	0.97195965	2.029823	1.4409859	2.8175561	1.9459264	2.5948477
incR1443	lnc-TP53-1:1	5.9109106	6.3632107	6.161932	6.5855117	6.536108	6.641075
incR1444	lnc-TPH2-5:1	2.650555	2.9898777	3.0902333	3.4958475	3.866705	3.3430257
incR1445	lnc-TREX1-8:1	3.7796278	3.6624086	3.8532906	4.149271	4.0389643	4.4734316
incR1446	lnc-TRH-4:1	2.9291313	3.106605	3.3216486	3.749908	4.3356338	4.51961
incR1447	lnc-TRIM16-1:10	5.242817	5.194439	5.189346	5.388853	5.9054527	6.1028824
incR1448	lnc-TRIM24-4:1	13.404873	13.24138	13.404873	13.512076	13.97876	13.763579
incR1449	lnc-TRIM9-2:1	4.7911487	5.1632514	4.9289656	5.2430015	5.562274	5.3894095
incR1450	lnc-TRIML2-2:3	1.032724	1.5852741	1.1339324	2.1727707	1.8411037	1.7370486
incR1451	lnc-TRNP1-2:1	13.556654	13.634865	13.271965	13.645138	14.0937605	14.083196
incR1452	lnc-TRPV4-2:1	8.509258	8.955169	8.916581	9.241435	9.558594	9.481089
incR1453	lnc-TRPV5-1:2	4.85199	4.876767	5.221495	5.5093875	5.573686	5.4741035
incR1454	lnc-TRPV6-3:1	5.700813	6.2287245	6.063101	6.357374	6.369845	6.5928493
incR1455	lnc-TSHR-5:3	6.6929536	6.989746	6.9471645	7.109481	7.532362	7.4065638
incR1456	lnc-TSPAN19-1:2	1.8801804	2.0856442	1.5661913	2.5071006	2.8638468	2.3467956
incR1457	lnc-TSPYL5-3:1	4.121323	3.5811887	3.87576	4.1276464	4.57201	4.5437407
incR1458	lnc-TTC21A-4:1	0.98966235	1.4809926	1.0209084	2.3112085	1.784631	1.5028667
incR1459	lnc-TTLL7-8:1	1.2687172	0.971247	2.0489793	3.7210941	3.4261296	3.3946795
incR1460	lnc-UBAP2-4:1	4.163887	3.8024404	4.3033266	4.4020376	5.0051894	4.9490843
incR1461	lnc-UBL3-5:1	2.0426755	2.940999	2.967093	3.6139097	3.740079	3.1933455
incR1462	lnc-UBLCP1-1:1	0.80726594	0.85093343	0.82018125	1.9320556	1.5637789	1.5791458
incR1463	lnc-UFM1-6:1	3.7509925	3.9440885	3.3324182	3.9962444	4.6085343	4.6350894
incR1464	lnc-UGGT1-4:1	9.326218	9.587309	9.280428	9.604803	9.909401	9.858986
incR1465	lnc-UGGT2-4:1	1.4092121	1.1258885	1.7084582	3.6780894	2.9515588	2.537561
incR1466	lnc-UNC5D-6:1	3.7130604	4.00656	4.104946	4.157116	4.983427	4.9258265
incR1467	lnc-UNK-1:1	0.8836634	1.2375348	0.92641103	2.9084568	2.7025576	2.9261827
incR1468	lnc-UPRT-3:1	4.1088305	3.943185	3.805846	4.53672	4.909862	4.680638
incR1469	lnc-URI1-4:1	2.802729	2.8556323	3.4209132	3.7106392	3.6826665	3.4121923
incR1470	lnc-USP20-6:1	4.912403	5.2874026	5.37142	5.4973793	5.745053	5.9007187
incR1471	lnc-USP28-2:1	2.4235353	2.7255847	2.4357429	3.4553573	3.7543726	2.737432
incR1472	lnc-USP45-1:1	2.7442698	3.4703782	2.6726058	3.4975133	3.6902916	3.9433055
incR1473	lnc-UTP20-1:1	11.666874	11.816543	11.262959	12.022842	12.151588	12.1985445
incR1474	lnc-UTP23-4:1	4.9016438	4.5832605	5.137109	5.284464	5.302372	5.3404794
incR1475	lnc-VAMP7-2:1	2.9645023	3.421227	3.325402	3.6804252	3.7283459	3.6029303
incR1476	lnc-VAV3-10:1	3.3689167	2.7388005	2.9511619	3.3577082	3.7599306	3.8380167
incR1477	lnc-VCAN-3:1	4.5929246	4.3042245	4.0364647	4.7113113	4.8933105	4.9864225
incR1478	lnc-VCP-1:2	1.8882713	1.4795717	1.7682817	2.8039856	3.0444422	2.2225506
incR1479	lnc-VEGFC-1:1	4.0201573	3.8887436	3.5526478	4.4031777	4.7263036	4.1807833
incR1480	lnc-VPREB1-9:1	1.9597486	2.3657987	1.4993632	2.811119	2.6328795	2.7458122
incR1481	lnc-VRK1-3:1	5.3717556	5.392622	5.4061317	5.718602	6.116522	6.0579586
incR1482	lnc-VRK1-8:1	0.80414283	0.8631157	0.8045261	1.5312144	1.8791221	2.2251532
incR1483	lnc-VWC2-2:1	5.029712	4.9996223	5.682621	5.8559065	5.8253474	5.868424
incR1484	lnc-WDR25-4:1	5.239308	5.6238766	5.661049	5.8271284	5.9612093	6.035941
incR1485	lnc-WFS1-3:8	2.2800045	1.0105242	1.5514845	3.4528341	3.3684409	2.4188185
incR1486	lnc-WFS1-5:1	3.611744	4.236619	4.1731195	4.54388	4.902378	4.3624425
incR1487	lnc-WISP1-12:1	1.9334173	1.3554128	1.6870998	2.3801723	3.2270646	2.3200889
incR1488	lnc-WNT11-5:1	2.4203959	2.0620553	1.746211	2.8730073	2.82556	3.1044278
incR1489	lnc-WNT16-2:1	3.062338	3.4005582	3.603036	3.9680727	4.081848	4.0526958
incR1490	lnc-WNT6-1:1	5.396784	5.492107	5.7938633	6.0729213	5.8902435	6.2404804
incR1491	lnc-WRNIP1-9:1	2.3324914	1.1898402	2.1695197	2.7935061	3.2342923	2.956035
incR1492	lnc-XPC-6:1	5.3286605	5.88778	5.7372875	6.0964413	6.3949347	6.1413493
incR1493	lnc-XPO5-1:1	1.3116751	0.79805326	2.4256306	2.5095007	2.8522456	3.0690513
incR1494	lnc-XRCC2-3:1	4.970528	4.585269	4.7715406	5.119546	5.3627996	5.4432025
incR1495	lnc-YPEL5-2:1	1.5151399	0.91429305	2.534229	2.9199436	3.6222758	3.3678868
incR1496	lnc-YTHDC1-2:1	4.555528	4.6551027	4.3770213	4.98732	5.08698	5.2671995
incR1497	lnc-YWHAE-1:1	4.563095	5.1072025	4.917228	5.3514667	5.2295647	5.3817377
incR1498	lnc-ZBTB25-2:1	7.0267186	7.0472403	6.890847	7.10142	7.6200976	7.425248
incR1499	lnc-ZFP64-9:1	1.8440957	2.3619866	2.2590508	2.5513787	3.2967024	3.0146642
incR1500	lnc-ZIC4-5:1	1.9638513	1.4772437	1.0108513	2.3978677	3.120819	2.2391763
incR1501	lnc-ZMAT3-7:1	2.7663286	3.3158977	3.4561086	3.8164923	4.04516	3.8738146
incR1502	lnc-ZMAT3-8:1	3.8765814	3.4848142	3.887856	4.1212187	4.310257	4.2756014
incR1503	lnc-ZMYM2-10:1	2.2746844	1.4153383	1.9339094	2.6970813	2.5681977	3.3191655
incR1504	lnc-ZNF180-5:1	6.4907374	6.2242317	6.7931466	7.069208	6.967225	6.8286185
incR1505	lnc-ZNF202-1:3	3.4073212	3.4304454	2.6607819	4.0040607	3.9911826	3.8676696
incR1506	lnc-ZNF227-2:3	0.8204495	0.9032943	0.824348	2.2146232	1.8642461	2.4710982
incR1507	lnc-ZNF326-1:1	4.825897	5.224581	5.0078025	5.306844	5.581826	5.6029024
incR1508	lnc-ZNF346-1:1	5.0047846	4.8950267	4.712964	5.295381	5.0728993	5.4600334
incR1509	lnc-ZNF394-1:2	7.905091	7.538488	7.156991	8.344187	8.0561905	7.99045
incR1510	lnc-ZNF536-10:1	2.5072255	2.2729764	2.8145425	3.3679776	3.6606822	3.5834086
incR1511	lnc-ZNF546-1:3	3.3982277	3.2010386	3.8418221	3.9166965	4.135931	4.1913466
incR1512	lnc-ZNF575-1:1	1.0431397	1.0357842	1.0932473	1.9856462	1.7382247	1.2866032
incR1513	lnc-ZNF585B-2:1	3.7055519	3.2054403	3.0354002	3.6902916	3.9489968	4.0281215
incR1514	lnc-ZNF605-4:2	0.9682096	0.89586383	1.0028994	1.935352	1.4684526	1.7494972
incR1515	lnc-ZNF626-5:1	5.9219265	5.9206476	6.2541776	6.3772182	6.425539	6.470765
incR1516	lnc-ZNF648-1:1	4.138361	4.5579047	4.565072	4.758806	5.192063	5.355489
incR1517	lnc-ZNF680-12:1	1.2403895	1.9731888	2.7781494	3.010407	3.722534	3.1864316
incR1518	lnc-ZNF709-1:1	4.6922956	4.385729	4.35285	4.795631	5.1369133	5.0834613
incR1519	lnc-ZNF730-16:1	3.0860462	3.1633892	3.5536554	3.806202	3.7142894	3.867517
incR1520	lnc-ZNF76-2:1	6.3182306	6.2319865	6.2655244	6.6633015	6.6919804	6.799913
incR1521	lnc-ZNF770-3:1	3.9625075	3.4916282	3.6863644	4.3784533	4.6511855	4.022166
incR1522	lnc-ZNF771-2:1	3.3234305	3.7293468	3.097121	3.7840254	3.806352	3.9475415
incR1523	lnc-ZP4-5:1	1.5301764	0.9533216	2.0935364	2.0947201	3.069913	3.218007
incR1524	lnc-ZRSR2-3:3	3.369772	3.3390474	3.353432	3.7718437	3.8362248	3.7999582
incR1525	lnc-ZSWIM2-8:1	3.7582655	3.860591	3.7716432	4.2238946	4.411924	4.2598786
incR1526	lnc-ZYG11B-2:1	11.5096035	12.126882	11.933527	12.4746895	12.373408	12.478209
incR1527	MKLN1-AS:6	2.0043242	3.119461	2.9915082	3.546314	3.6486974	3.6609077
incR1528	NFIA-AS2:6	3.3987079	3.593175	3.1797442	3.6498308	4.0524044	4.0187516
incR1529	SLC14A2-AS1:6	1.0213426	1.8111275	1.5266119	2.69259	2.75172	2.064379
incR1530	THRB-AS1:9	1.8352742	2.6626914	1.9718026	3.045115	3.1404686	3.0946903
incR1531	VLDLR-AS1:12	1.4564494	1.1023824	1.1706538	1.6635492	2.36244	1.6655333
TF1	RELA	8.541536	8.66853	8.393459	8.525222	8.450988	8.803338
TF2	STAT3	7.392086	7.694097	7.496339	7.487612	7.332617	7.537051
TF3	STAT5A	4.759438	4.681675	4.632757	4.792708	4.604263	4.781927
TF4	STAT5B	5.201028	5.041712	5.511712	5.443866	5.622433	5.248107
TF15	HIF1A	1.6745822	0.9294378	0.8408892	2.3810606	2.0854297	3.100571
