0	gene	DN	DN	DN	ctrl	ctrl	ctrl
8033	Sep-02	13.37278346	12.72538756	13.37559609	14.42535361	14.19100522	14.26655964
5280	Mar-06	9.139039668	9.36157823	9.34022087	10.17092653	10.37115915	9.829458428
8037	Sep-08	8.907191126	10.03713509	9.505017556	10.6727789	10.59758704	10.54003115
8039	Sep-10	10.38154295	11.05704405	9.298062568	11.59334443	12.02600464	11.6671559
8040	Sep-11	8.804260116	8.287158278	7.848497755	9.891935558	10.01808888	9.28701972
7	AASS	7.45532722	9.24055285	7.069315495	9.696445976	9.559377091	9.035898787
53	ABI1	9.386185839	9.221828758	7.657139777	10.42757475	10.28973074	9.710375971
72	ACADM	10.22363975	10.81890168	9.572321268	11.57941023	11.64069684	11.18351133
81	ACBD3	8.33315535	9.73352382	8.948659246	10.25679839	10.45306481	10.40556697
85	ACIN1	9.452653086	9.669062209	9.751544059	10.60806997	11.1396153	11.0905756
108	ACSL3	9.132756757	8.667998536	8.53838296	9.933469366	10.27530975	9.452858965
116	ACTB	13.7929631	13.4501029	14.98440066	15.36190609	15.14237834	15.0041151
131	ACTR3	9.755221421	11.0458279	10.6265304	11.69479315	11.98513037	11.41161691
170	ADCY7	3.666756592	4.727920455	6.183883459	7.94016675	7.414473836	6.921245889
177	ADD3	10.85521889	11.16446701	10.02132703	12.3974741	12.39910432	11.33829069
189	ADM	10.21298267	10.03727239	10.80654962	12.06029062	12.04217235	11.43269848
193	ADORA1	9.120756273	9.581388911	10.53537259	11.64358566	11.91195368	12.41534566
238	AGRN	12.40181283	12.79670887	13.04548666	13.96491841	13.87402077	13.4261468
256	AIF1	9.266083758	9.517078805	9.405283172	11.64338994	11.72219532	10.89228932
309	ALDH1A3	6.984133595	6.806066226	6.520422249	8.427522371	7.602884409	7.663913842
315	ALDH3B1	9.626621652	6.539158811	7.470862199	9.359310317	9.946760097	9.975131457
328	ALG8	9.134939643	8.770498721	8.271463028	9.732506644	9.468013034	9.991238381
350	AMFR	10.18164922	9.780867802	9.80138503	10.7232343	10.42006548	10.88096096
355	AMOT	10.8337598	10.53167387	10.06460805	11.63354019	11.08228213	12.06039196
381	ANKRD17	9.112178834	9.947490835	8.612868497	10.49705344	10.27111282	10.46923479
396	ANXA1	9.963907561	10.46587246	9.973410377	11.24120858	11.70026631	11.61249995
402	ANXA2P1	8.065550771	8.817623258	8.836366009	11.3977281	11.66155544	10.73859897
425	AP3B1	9.539740426	9.187846909	8.905687849	10.07307042	10.68755065	9.976420921
429	AP3S1	10.62762508	11.18871246	10.14605947	11.67131991	11.64790807	11.37183108
433	AP4S1	6.793115555	6.871597266	5.121015401	7.733354341	8.218684313	8.564911611
464	APOD	9.992513535	9.071730497	10.37014248	12.39521279	13.01957335	12.44855514
468	APOL1	9.720757277	8.72417275	9.492053457	11.77840572	11.95641246	10.49125185
472	APPBP2	8.197953828	7.982423227	7.94016675	9.016808288	9.306289585	8.823526469
494	ARF4	11.06332766	11.63403959	11.45038648	11.93770484	12.33293166	12.59381126
496	ARF6	9.437231901	10.30600471	9.554109153	10.93671154	11.8878489	11.60432156
509	ARHGAP19	9.234338449	8.198199455	8.511752654	9.932805294	10.2366122	9.960291601
531	ARHGEF18	10.2671378	10.16641418	9.811053524	11.44133615	11.34911533	11.6794801
547	ARL1	5.485426827	6.605849867	4.523561956	9.586652169	8.98783245	8.351822645
606	ASMTL	9.873444113	10.37210326	10.27798475	11.09325249	10.81305966	10.99269055
610	ASPH	7.160879862	5.885086225	6.287250643	8.846117173	8.427103287	8.819859747
631	ATG4B	7.917073663	7.993221467	7.509379149	8.603626345	8.895726738	9.635173947
634	ATIC	8.522385366	8.381975479	8.904484098	9.284939742	9.326204751	9.63499251
642	ATP10D	9.726388479	9.549207089	8.539934245	10.64925618	10.73918991	10.14618679
644	ATP11B	10.02597005	9.761385014	9.858913471	10.68509917	10.62067804	10.74617838
646	ATP13A3	11.14497682	11.41188168	10.53741256	12.47365502	12.09872299	11.57747604
654	ATP2A2	9.574309691	9.612315635	9.799281622	10.99038765	10.96628914	10.85953479
679	ATP6AP2	7.201143732	7.727580156	8.338067798	9.496354489	9.800090988	9.680447436
687	ATP6V1A	9.739864975	10.34418493	9.94602899	10.98825863	10.83853426	10.78985964
700	ATP8A1	5.553053253	6.489446599	6.864805194	7.746850183	7.617651119	7.208965886
704	ATP9A	9.102763097	8.444186663	9.458816703	10.46648438	10.19819946	10.31560246
711	ATRX	9.14127695	9.417641579	8.473299871	9.940313597	9.933174261	9.773139207
713	ATXN10	10.07083608	10.18367632	10.0824152	11.20467262	11.33959005	11.24717572
728	AVL9	7.162894799	6.690696444	6.493455201	7.344295908	8.746514321	7.533719071
734	AXL	8.91129191	7.95516515	8.714130784	9.743151394	9.403225109	9.318843971
745	B3GNT1	9.720586291	9.065281486	10.25408378	11.35529603	11.2273151	11.9947777
750	B4GALT2	9.115823977	9.162894799	9.680183682	10.22351909	10.39349772	10.12515513
760	BAG2	5.930737338	6.687900522	4.892391026	7.710806434	7.178913785	7.87036472
781	BAZ2A	10.30435132	10.44035012	9.700959827	11.14306428	11.075546	10.6617781
787	BBS9	7.844025286	5.899659026	6.083213368	8.34710443	8.049304033	7.596686226
795	BCAR3	8.632631752	9.885238786	8.923624611	10.85611423	10.68088692	10.45182928
817	BCLAF1	9.960146774	10.35931032	9.849092288	10.69939894	10.97913934	11.23332008
829	BEX4	9.955940451	10.54370853	9.681765488	12.04100883	12.15737852	11.68132627
842	BIRC2	9.463933011	9.598238642	8.074141463	10.47907289	10.54901451	10.01108745
860	BMP2	6.022367813	6.729280846	6.475733431	9.491051376	9.837470253	9.24531501
866	BMP7	6.548436625	9.160627797	8.226893814	10.36785153	9.607330314	9.696272084
910	BST1	8.712527	6.633721813	8.48984796	10.01066796	9.795877317	9.411934625
911	BST2	12.79743862	12.4634222	12.84107288	14.5862358	14.43423727	13.16915774
915	BTC	5.827819025	4.66106548	5.554588852	8.113221243	7.672425342	6.559185866
922	BTG2	10.57099413	11.00646634	10.51036858	11.53755816	12.07196507	11.35049725
923	BTG3	8.403651186	8.337844867	8.625526212	9.654546529	9.310271947	8.984276034
943	C11orf58	9.80928581	9.676133391	9.245077275	10.33996132	10.46137712	10.35347768
970	C1orf21	6.777419716	6.95419631	6.809928866	9.000281749	9.749031382	9.759888183
966	C1R	10.54853296	9.902827299	11.04330075	12.96211879	12.85321207	12.49383044
967	C1S	10.15203127	9.489446599	10.67330908	12.55846855	12.42992974	11.83971557
997	C5orf15	10.75380173	10.87182825	10.15545073	11.87870235	11.49470561	11.42106547
1007	C6orf62	8.284939742	8.793115555	6.270528942	9.689473895	9.378078056	9.069584028
1043	CACNB2	6.252665432	8.185866545	8.010108453	9.961377341	10.13301374	8.794578323
1064	CALD1	9.448735798	10.09711036	8.779883475	10.92788905	11.2836961	10.88252842
1069	CALU	10.03809592	9.668884984	9.370687407	10.52169858	10.8660425	10.77988347
1080	CAMSAP2	9.950993232	10.19118262	8.971256136	11.0915015	10.77700868	11.09077405
1084	CAND2	7.846117173	6.048759312	8.334496768	10.215533	9.787902559	9.74348804
1085	CANX	12.79201751	12.92609211	12.06184369	13.50128985	13.72291424	13.84756635
1092	CAPN2	13.37514806	12.85126103	12.92293741	14.10810786	13.46682847	13.97131901
1130	CBFB	10.18883607	10.17367714	9.211644987	10.92762983	10.48683502	11.08221558
1132	CBLB	9.215290306	9.335985623	9.018478396	10.89915523	11.26516553	10.42944127
1138	CBX1	8.183883459	8.867587635	8.826548487	9.708049252	9.549784668	9.611946942
1145	CBY1	9.048486874	8.533719071	9.598610855	10.0558247	9.645658432	10.18846522
1146	CCBL1	10.54027337	9.915804703	10.15860969	11.00601043	11.02966683	11.55120357
1237	CD164	10.26138977	10.93479659	9.709773108	11.62552621	11.51963625	11.10204131
1246	CD200	9.261624836	9.636805852	9.719902144	11.13031315	10.58195375	11.86085419
1253	CD2AP	10.17866485	10.45090193	8.124121312	12.03689478	12.03634535	11.63743998
1270	CD46	11.07059058	12.1534887	10.93376441	12.5210851	12.56973696	12.13628625
1271	CD47	7.740792672	7.684397984	7.102763097	8.559377091	8.773139207	8.465974465
1276	CD55	6.982993575	8.224001674	7.912889336	10.07761687	9.522385366	9.154564982
1278	CD59	11.67556015	11.9727465	11.48162287	12.71424552	12.4947806	12.43663347
1305	CDC14A	6.368069877	8.820498107	8.033973543	9.696967526	10.37818646	9.89284635
1322	CDC42EP3	9.100136671	10.01248487	10.01820018	12.32505243	12.1798469	12.58383495
1332	CDH15	8.755889026	8.291400959	7.868513924	9.849561482	9.486432821	10.00758797
1351	CDK14	8.597307691	8.546508661	8.755221421	10.0452136	10.44066157	9.846273911
1374	CDKN1C	12.76240965	12.43797725	13.47317301	14.6891386	14.68759603	14.50260994
1386	CDS1	6.382840144	6.95942242	6.287250643	9.603348164	9.498450341	9.16201361
1390	CDV3	10.73783884	11.39280039	10.55310126	11.88088446	12.0563837	11.63574079
1404	CEBPD	11.45707302	12.31817559	11.73699377	13.12439599	13.2748877	12.32699117
1429	CEP112	5.504620392	5.133399125	5.325530332	7.524345816	7.709428501	6.447909749
1440	CEP57	5.99095486	7.05853297	5.894817763	8.682994584	7.854245054	8.541096615
1443	CERS6	8.592830744	8.186361891	9.144913113	9.614341763	9.966505452	9.797499416
1447	CETN2	10.31989788	9.812016819	9.592083234	10.60362634	10.72340497	10.89246692
1453	CFH	8.484621527	8.277054876	8.870672955	9.394677046	9.653024179	9.26185986
1477	CHD3	10.93979957	11.33142084	11.44501485	12.54600214	12.21877511	12.42235391
1487	CHI3L1	9.344739746	9.059074015	11.32327999	13.20131223	13.05695941	12.99560818
1504	CHPF	8.773798574	9.837627933	9.088788239	10.35645197	10.23457796	10.80122334
1506	CHRDL1	10.17305246	9.64385619	9.393390457	10.13878376	10.83447105	10.8621724
1524	CHST2	7.250772132	9.2772874	9.536830005	11.02167404	11.14459452	10.31854281
1537	CILP	6.701826258	6.048759312	5.958842675	7.90147032	7.671717965	7.252665432
1539	CIRBP	12.01621633	12.30853813	12.09780171	12.7469971	12.67494256	13.10189362
1542	CITED2	9.310612782	9.696272084	8.773798574	10.56548294	10.83715484	10.29404631
1546	CKAP5	7.834787049	8.521992956	7.671010241	9.079218087	8.991521846	8.907791998
1581	CLEC16A	9.805743872	9.916924431	10.18945396	11.57629538	11.34446236	11.60904019
1589	CLIC5	9.124638314	9.205304532	10.09961081	13.80659997	14.19577973	13.57008101
1591	CLIP1	9.81602364	9.752547906	9.14822234	10.75388528	10.81594361	10.41774705
1593	CLIP3	9.519439687	8.820178962	8.973553879	11.22345875	11.17841587	11.09354961
1618	CMAHP	11.30788385	11.39178061	9.903429992	12.52027491	12.57165785	12.94176291
1627	CNIH1	9.457586084	10.30378075	10.10721708	10.72135557	10.98441846	11.12941182
1678	COL3A1	8.40173285	7.408542042	7.968666793	9.142107057	9.518653156	9.488241843
1681	COL4A3	9.691510785	9.792627636	9.060245492	10.8433448	11.73113486	11.58507192
1682	COL4A4	4.760220946	4.5360529	6.665335917	8.591709333	9.813781191	8.701479748
1683	COL4A5	8.528258743	8.128252152	8.141596278	10.232301	10.47370575	9.98982022
1696	COLQ	7.478971805	7.284477118	7.461070114	9.52767248	9.011227255	9.056908618
1716	CORO2B	8.516881891	9.632449995	10.06971828	11.52321888	11.76611476	11.96412423
1727	COX6C	10.58383495	11.31316648	10.87505817	11.96632519	11.38963134	11.85288058
1751	CPQ	9.018617484	9.54660512	9.610655774	10.13391281	10.39494494	10.50382574
1759	CR1	6.404857663	7.417570698	6.490249211	8.810892912	9.381110294	8.541612795
1769	CREB3L2	9.714073758	10.06110113	10.27891402	11.39515922	11.52786793	11.55444496
1816	CSDC2	9.729620744	8.969242604	10.07481046	10.00225245	10.81650371	11.18827975
1831	CSNK1A1	9.721697339	10.06251841	9.77363376	11.46727439	10.72438595	10.56500685
1869	CTDSPL	9.741635516	10.10348453	10.49029936	12.00293805	11.4863574	12.01719119
1871	CTGF	11.44242519	11.53303766	12.15054064	13.10626848	13.3184722	15.57163119
1874	CTNNA1	11.99367542	11.8387706	12.06574126	12.94693057	12.83350603	12.8500696
1878	CTNNBIP1	9.177170346	7.147713722	8.175424799	10.38930867	10.09711036	10.98220929
1917	CXADR	8.740118043	5.491853096	8.548051238	12.0725346	12.03256236	10.82265049
1960	CYP1B1	8.614341763	7.254556252	5.414473836	9.662935352	9.807676916	10.50253349
1995	CYR61	8.184875343	7.100136671	8.392317423	9.642412773	9.695924237	9.198199455
2005	DAG1	11.085738	11.21607891	11.74710203	13.21659431	13.39211614	13.42956366
2010	DAPK1	9.325080544	9.284939742	8.695924237	9.767191303	9.991238381	9.934870291
2018	DBF4	5.817623258	5.887525271	5.797012978	7.375908263	7.495055528	6.03562391
2027	DCAF8	10.53089398	10.5574637	9.843764057	12.07437565	11.97491643	12.26318116
2036	DCTD	9.862249901	9.761800525	10.71179601	11.59472115	11.10479529	11.7957353
2040	DCTN5	8.146186791	6.778734244	6.95070169	8.54303182	8.76884596	8.05853297
2042	DCUN1D4	8.974988112	9.50442177	8.822092774	9.816343705	9.940607246	9.894363061
2049	DDHD2	9.899054756	10.00379897	9.366977836	10.74374047	10.58261245	10.83644491
2053	DDN	8.754887502	6.608809243	10.29266673	13.59787797	13.48217771	12.91023047
2059	DDX1	9.276822315	9.436919708	8.819221104	9.936785145	10.43170652	10.38521531
2062	DDX17	11.74340389	11.49830074	11.70884679	12.90693756	13.05173575	13.08423538
2090	DEK	9.878817285	10.26620091	9.669062209	10.71201105	10.8869159	10.73454028
2098	DESI2	8.554588852	8.902375114	8.832573599	9.40641762	9.312202278	9.617283788
2104	DGCR11	7.798309782	7.806710718	7.21042783	8.296916207	8.384136172	8.663913842
2160	DKK1	3.485426827	5.62935662	4.307428525	7.048759312	7.14974712	4.921245889
2172	DLG5	9.61856904	10.01639046	9.321477182	11.01339247	10.71544726	10.36347774
2184	DMD	8.250298418	8.653919873	5.678071905	9.472690839	9.658390023	9.762382039
2195	DNAH7	5.354028938	6.209453366	6.031218731	8.396176618	7.525912261	6.123086751
2197	DNAJA1	10.71531855	11.40761299	11.10039953	12.63730412	12.43710183	11.52908887
2207	DNAJB9	7.184875343	6.272396509	4.95419631	9.156841525	9.536441505	8.378078056
2213	DNAJC24	5.157852169	3.307428525	4.112700133	5.860466259	5.523561956	5.754887502
2265	DPP6	8.698878266	8.61176256	9.487639087	12.69209238	12.25378841	10.47172601
2273	DPYSL3	7.019034669	7.047669251	8.657854336	11.10184439	11.47477064	11.49455562
2295	DST	8.511456179	8.720586291	8.767439623	9.852217373	9.926555449	9.929443358
2296	DSTN	12.47682213	12.55801406	12.12421826	13.22216094	13.10200849	13.58251837
2306	DUSP1	12.17906935	12.66460283	11.02804418	14.03957882	13.75780667	12.86994079
2309	DUSP14	8.744833837	9.661421833	9.417008587	10.33427329	10.27554256	10.41795797
2318	DUT	10.4003458	10.83003978	11.48356389	11.99084853	11.81730348	11.8500696
2325	DYNC1I1	7.762548143	7.666046429	7.408542042	8.709773108	9.096715154	8.977279923
2331	DYNLT3	11.15766273	10.9518675	10.61820194	11.45717564	11.61406564	12.10607214
2332	DYRK1A	8.868637384	9.441076735	8.149239039	9.841690136	9.866197085	9.621868725
2391	EFR3A	9.433794059	9.950410089	8.901771981	10.98818761	10.61360532	10.59963394
2402	EHBP1	9.441284272	9.828295188	9.621502465	10.54341855	10.42322098	10.39145842
2406	EI24	9.754052368	10.70623698	10.76412518	11.67507492	11.32968424	11.666224
2407	EID1	9.998449397	10.44646302	10.20799043	11.05656998	11.67078901	11.62479546
2412	EIF2A	6.888743249	5.663913842	5.944858446	8.485024233	6.619119511	8.011227255
2426	EIF3E	10.73826118	10.78724961	10.30000929	11.27751989	11.38645531	11.90365594
2431	EIF3J	6.927185358	5.776103988	6.437960088	7.958842675	7.797012978	7.936637939
2433	EIF3M	10.09103862	11.02838958	10.4323331	12.95938619	12.98265496	12.44491135
2471	ELOVL5	10.26643519	10.26373867	9.421538907	10.87563418	11.12247213	10.71467483
2475	EMC2	8.77280941	8.642773763	7.982993575	9.717847754	9.427522371	9.283551423
2501	ENPEP	9.399171094	8.933690655	10.09500135	13.77904216	13.63100649	11.90026304
2513	EP400	6.563768278	8.401946124	6.682292371	8.442528869	8.608254822	8.62406433
2541	EPS15	9.591522347	10.41076932	9.802193217	11.23206111	11.19068893	10.98633982
2549	ERBB4	6.621319301	7.516487981	6.61176256	8.929998063	8.498051366	8.966649642
2586	ESYT1	9.756556323	10.09842693	10.17978471	10.7445816	11.16018658	11.21650337
2587	ETF1	10.7867597	11.0980979	10.46464785	11.49530542	11.79681025	11.96711816
2600	EVI2A	5.031218731	5.832890014	4.129283017	7.447083226	7.635173947	7.6387979
2608	EXOC3	8.777419716	8.680183682	8.275658945	9.48058827	9.332036548	9.673132372
2616	EXPH5	8.05012073	8.757056592	8.496054832	11.21801826	11.19059634	12.16835873
2635	F2R	7.995484519	7.765534746	8.368506462	10.76644609	11.02673091	10.76379331
2639	F3	7.652486495	8.233140296	8.759222426	11.29059489	11.3459596	11.11536884
2640	F5	6.068240861	5.714245518	6.831623937	8.054197294	8.187846909	9.284939742
2668	FAM127A	12.27152139	11.50193668	12.21525997	12.74249892	12.67050135	13.20638865
2677	FAM153A	7.758889433	7.443772393	6.321928095	11.00021132	10.65096197	11.19654066
2682	FAM168A	5.956521363	6.153805336	6.782670659	7.793765857	8.03562391	7.700439718
2697	FAM20B	9.832731815	8.918863237	9.313109776	10.77544567	11.14695046	11.19715525
2705	FAM49A	6.54225805	5.8899602	4.921245889	7.124121312	7.383704292	7.54689446
2707	FAM50B	7.515699838	7.390598906	7.247927513	9.183883459	8.966072795	8.859845344
2716	FAM98A	6.477353527	7.969818186	8.586089166	10.55573948	10.47613863	10.6674664
2722	FANCL	7.346070441	7.349612972	7.555356039	8.206037546	8.70286529	8.080551077
2725	FARP2	9.087197616	9.069315495	8.73470962	10.59507095	10.55382126	10.10564665
2732	FASTKD2	6.385431037	5.43629512	4.285402219	6.610286657	7.431288654	7.258330473
2733	FAT1	10.39081383	10.93442804	11.39981196	13.53924364	13.46306452	13.51672188
2745	FBXL2	8.35974956	6.826548487	5.44625623	9.258094873	8.831307244	9.070389328
2748	FBXL7	10.5846807	10.0302533	10.02195159	10.97219004	11.43764805	10.74112987
2770	FCHSD2	10.41626974	10.64051609	10.00744782	11.39376583	11.11809752	10.99364606
2782	FER	7.454504938	7.363696745	7.897542973	8.283551423	8.480790201	8.256680466
2783	FERMT2	11.66057535	11.87624833	11.01875656	12.85180759	12.78267066	12.98852493
2792	FGF1	10.81410175	10.50541461	11.62598275	14.86797849	14.75810347	14.54961022
2803	FGF9	6.995484519	8.939726121	8.917819589	10.68755065	10.73013044	9.122310343
2816	FHL1	10.47431435	10.76859788	10.16528389	11.16106888	11.49545533	11.45727827
2833	FKTN	6.388878339	5.189824559	4.566815154	7.319220503	7.029011087	6.804776378
2839	FLNA	11.21234439	11.59217669	12.58904248	12.95263206	12.71472848	13.55213471
2841	FLNC	7.765534746	8.085339669	7.731319031	8.824004051	8.396176618	9.437544026
2860	FN1	9.581200582	10.15342536	9.946126394	10.63378174	10.75165535	10.82943179
2861	FNBP1	11.22713456	10.8591465	10.7874945	12.12767197	11.76938331	12.06968471
2862	FNBP1L	9.678071905	10.169925	8.495455333	10.63172274	10.81129441	10.545061
2865	FNTA	10.91371222	11.21798798	10.75913919	11.70208609	11.80562297	11.82958401
2873	FOSL2	9.35974956	9.548051238	10.24495839	10.91670056	10.76096938	10.91064273
2876	FOXC1	8.378511623	8.482606308	9.057179471	12.30426575	12.3346085	11.79656693
2909	FRY	8.358431429	9.142447391	9.395391251	11.33114088	12.01690089	11.5923636
2943	FXYD1	7.5360529	9.373952655	9.812658658	10.71269894	10.95891516	10.49095113
2947	FYN	10.79013098	10.85276357	10.64445659	11.90797972	12.13344183	11.60265248
2950	FZD2	9.958842675	9.794578323	10.11653891	10.5219439	10.66217879	10.9665415
2958	G3BP2	9.83019827	10.18214602	9.136478518	11.02340784	11.42872656	11.16239133
2962	GAB2	9.314696526	9.243888012	8.933395595	10.4121464	10.13404121	10.69270267
2970	GABPB1	5.350497247	5.668175869	5.464341533	7.09592442	6.728600811	6.832890014
2988	GADD45A	9.89542381	10.73394743	9.743319727	11.45476195	11.53055265	11.58960434
2998	GALC	9.167418146	9.088788239	4.822730148	10.4003458	10.55151602	10.73225224
3019	GAS1	10.87421293	11.01007348	10.66360258	14.37806789	14.56578339	13.10689005
3038	GBE1	10.13031315	9.811695792	10.66595763	10.96058121	11.01325288	11.15595663
3064	GDE1	8.434628228	7.748863715	9.533913701	9.947052437	10.11113567	9.51412226
3073	GEMIN2	5.809928866	4.776103988	5.074676686	7.073606041	7.302867361	6.48058827
3095	GHR	6.675251386	8.011227255	8.157852169	9.570235215	9.373735202	8.700092875
3106	GJA1	8.368506462	8.604923816	9.190195067	10.34856219	10.70869594	10.92637013
3108	GJA5	11.20683123	10.98697971	10.92325319	11.93638029	11.76030413	12.46681572
3132	GLOD4	9.006746832	8.969242604	9.245077275	9.998449397	10.18375943	9.970824901
3145	GLUD2	9.655709596	8.368069877	9.411934625	10.92392168	10.45265309	10.29485046
3146	GLUL	10.11191811	9.827342704	9.622234891	12.36673201	12.0363797	11.49485558
3149	GMDS	7.838573653	7.300123725	8.051480865	11.90989308	11.84599961	11.13493964
3150	GMFB	8.492654371	9.035073997	7.957102042	10.88164933	10.7445816	10.65839002
3175	GNE	8.98982022	9.907191126	9.329123596	10.57213175	10.43045255	10.412464
3177	GNG12	10.00436094	10.41795797	9.787902559	10.83296911	10.81578354	10.78152365
3200	GORASP2	8.696967526	8.625708843	9.454402119	9.720757277	9.675163156	9.825435849
3215	GPC4	3.419538892	6.316507819	4.129283017	8.615077832	8.489446599	8.501837185
3227	GPNMB	9.03562391	9.178913785	8.646738698	10.53585856	10.60362634	10.51943969
3232	GPR125	4.733354341	5.827819025	6.682292371	7.091699834	8.588714636	7.99095486
3260	GPR65	5.584962501	4.749534268	5.137503524	6.263034406	6.852997588	5.563768278
3264	GPRC5A	7.220136447	8.227615943	9.397781575	11.19743173	11.12512284	10.45126264
3291	GRIK2	8.256208689	8.581765495	9.412781525	10.87163577	10.20200135	9.65901474
3304	GRK5	9.925702781	10.24810547	10.9685948	12.01010845	12.02908013	11.03867898
3321	GSK3B	8.059344461	7.326878855	7.523561956	8.671541067	8.73454028	8.486030507
3322	GSN	11.20132755	11.91718558	11.47177681	12.43819407	12.48879415	12.12460601
3328	GSTA4	10.42898821	10.33024466	9.527281506	11.47390865	11.46388194	11.02250653
3339	GTF2A2	9.944931633	10.31910758	10.55449292	11.23400906	11.25204447	11.85607532
3340	GTF2B	7.304693557	7.788555215	6.874468708	8.375618566	8.069136086	8.13562362
3372	GULP1	7.885086225	8.174925683	8.021257621	9.09434165	9.611393726	9.188836073
3377	GYG1	8.540321806	8.471268764	8.892998093	10.27414516	9.888591058	10.3561218
3395	H2AFX	7.594697827	6.131342539	6.846744023	7.536830005	8.894514644	9.215775653
3473	HES1	10.65856854	10.52698821	10.91034292	11.88149638	11.63335855	11.07494422
3495	HIPK1	9.46943832	9.647098607	8.713901978	10.05866825	10.37297386	10.47866852
3496	HIPK2	6.984133595	7.669593751	6.199672345	8.585338154	8.417852515	8.858291887
3498	HIRA	6.050936965	7.903279342	7.783980414	8.588714636	8.595816919	8.642773763
3534	HIVEP2	9.426684082	9.026800059	9.558420713	10.72297825	10.17878932	10.81410175
3563	HMCES	8.117383367	6.693486957	8.099610812	9.547280156	9.754553506	9.694183743
3575	HMGN1	10.73961186	10.70873904	10.89474199	13.0979169	12.8071939	12.29834902
3578	HMGN3	10.98338556	11.16622586	10.30862345	12.11292814	11.72366094	11.64768327
3594	HNRNPA0	8.951284715	9.197708158	8.323279988	9.986410935	9.798471801	9.84124983
3595	HNRNPA1	10.5651973	10.44283985	9.144148367	11.27717114	11.2340989	11.17530004
3598	HNRNPA2B1	10.62415574	12.10594124	11.3717222	12.55194853	12.47606266	12.18372842
3599	HNRNPA3	9.988400664	10.61664073	10.13910364	11.16169877	11.5178416	11.11322124
3601	HNRNPC	10.03032228	10.67956807	10.01304346	11.74489689	11.71722658	11.54015226
3604	HNRNPDL	8.277984747	9.02172012	8.704364678	9.596810876	9.680242239	9.369233737
3608	HNRNPH3	11.08474196	10.74239365	10.48220293	11.97656412	11.45208677	11.64696365
3623	HOXA2	5.161887682	5.240314329	6.593951284	8.490650349	6.756222713	6.58044702
3635	HOXC4	7.06501215	6.965784285	6.153805336	9.061776198	8.184379486	8.224966365
3636	HOXC5	9.277984747	9.351822645	8.827183896	10.86897685	10.1969709	9.98982022
3638	HOXD1	4.614709844	5.899659026	5.368069877	9.454710552	9.076548407	8.789859641
3653	HPS5	7.109569509	7.935459748	8.828136484	9.197953828	9.28748153	8.975274788
3662	HS2ST1	5.116863758	5.599912842	3.277984747	6.927185358	7.719046504	6.977279923
3673	HSD17B4	9.972979786	9.728940868	7.899659026	11.04705573	10.75555526	10.53692711
3683	HSP90AA1	11.80671072	12.10953686	11.64547831	13.13513209	13.25573676	13.10074446
3686	HSPA12A	6.044394119	7.147713722	6.431288654	10.46362654	10.87005642	10.87213617
3691	HSPA2	8.32305476	8.354028938	8.35380846	9.470557201	9.49285462	9.527477006
3694	HSPA5	10.50422312	10.71647653	10.57061472	12.59388128	12.30765621	11.48633225
3700	HSPB11	9.30492167	8.892998093	8.613605318	10.51963625	10.58805872	10.22797687
3711	HTATSF1	10.42856955	10.07146236	10.09711036	11.22978017	10.95550461	10.90486038
3724	HTRA1	11.75047671	11.9606536	13.66235684	15.13624419	15.28481145	14.96319413
3736	IARS	10.15190447	10.00940876	9.944858446	11.24769021	11.16012353	10.56186071
3737	IARS2	9.386293635	9.075746538	8.316507819	9.835892502	10.08799315	9.788881432
3748	ICMT	7.635173947	8.882643049	9.632995197	10.13635034	9.743824607	10.40045254
3774	IFI44	10.3238429	10.26138977	9.981424575	12.76965192	12.55794229	10.28690424
3778	IFIT1	10.07981809	10.3427414	9.432750669	13.37480177	13.47463123	10.1265109
3782	IFITM1	13.36827454	12.93961594	14.24158102	15.42975979	15.41483055	13.81724351
3796	IFNAR1	5.462706751	5.247927513	7.347842794	8.745506266	7.996614715	8.119459934
3808	IFT88	5.655351829	6.167919866	7.66106548	7.407692649	8.422064766	8.147713722
3818	IGFBP2	10.1009251	10.29151608	12.50127741	13.75049241	14.01955598	14.46201652
3823	IGFBP7	13.72280753	13.97150763	14.4817679	15.03701494	15.03094727	15.3599314
3923	IMPDH1	10.67763156	9.974988112	11.13628625	11.49675393	11.37780701	11.86851392
3930	ING1	8.610655774	6.992088609	6.797012978	10.29519496	10.52952816	9.216988308
3974	IQGAP2	9.26185986	9.212009933	9.540999787	11.86283105	12.0505119	11.78236351
4010	ITGA3	11.54564024	11.46444365	12.05560443	13.25348558	13.02723217	13.40247917
4026	ITGB3	8.612868497	8.01402047	8.411369466	9.739105507	9.518325242	8.849665623
4029	ITGB5	11.95121185	11.82001936	10.99657941	12.91920785	12.64185983	13.24632495
4072	JRKL	5.587964989	7.062855655	6.855491443	7.327328083	8.586089166	7.923030298
4081	KANK1	9.286095656	9.720073211	9.148476582	11.15171424	11.38677862	10.98413359
4089	KAT7	10.47279236	10.83162394	9.824640581	11.1776064	11.55185243	11.11894107
4095	KBTBD11	9.181897643	9.093549613	8.532940288	11.30052416	11.26584942	10.97935374
4096	KBTBD2	9.723660944	9.508587112	8.6231499	10.18475139	10.13198554	10.30537779
4136	KCNN3	6.526694846	6.015693807	5.274261661	8.088523257	7.373300197	6.553053253
4158	KDM4A	8.138015753	7.656067274	7.481395824	9.487438113	9.392532094	9.72877085
4161	KDM5A	7.354469792	8.11113567	6.787902559	8.722295241	9.076013877	8.526303606
4188	KIAA0232	10.29001885	10.57686221	10.96830679	11.45840661	11.55818152	11.435514
4189	KIAA0247	10.76909399	10.85416712	10.76113565	11.52052047	11.4871366	11.47197998
4219	KIF11	4.827819025	4.716990894	4.385431037	7.422064766	6.675251386	5.266786541
4238	KIF5B	4.935459748	6.221103725	7.479780264	8.827183896	8.925702781	8.397888508
4240	KIFAP3	8.9795681	9.478971805	8.919459269	10.66017421	10.33058081	9.993079909
4254	KLF10	10.10826308	10.7035143	10.1226986	11.31704511	11.20719739	10.76822569
4271	KLHL9	10.76942464	10.58927662	10.68220457	12.3502486	12.16566075	12.12185725
4278	KLK6	10.19905882	9.4749227	11.96253456	12.80007076	12.68680689	13.17525325
4279	KLK7	7.93191939	8.204571144	8.558420713	10.48683502	10.63897886	11.14414837
4342	KTN1	10.94844024	11.78348939	11.17267752	11.96260686	12.27493136	12.12767197
4369	LANCL1	10.43306377	10.28817397	9.400025518	11.55069869	11.47253854	11.28777009
4373	LARGE	10.25514663	9.767687899	9.545350645	10.94551699	10.69601121	10.81000923
4412	LEPROT	10.68356488	10.86550131	10.88542947	12.38769426	12.75319585	13.33296661
4422	LGALS8	10.04698755	10.39446269	10.20835631	11.8985636	11.64372093	11.14784089
4461	LINC00837	6.470862199	6.969242604	7.630813152	8.836681593	9.119200527	7.762215916
4476	LITAF	10.45182928	10.77355135	11.40151954	11.7675017	11.98065728	11.50759645
4583	LOC103344931	8.76420813	8.948659246	9.106170317	11.15393197	11.29427611	11.64241277
4599	LOX	9.237448996	9.102238194	9.080284578	11.80779765	11.62903781	10.66159998
4600	LOXL1	9.414473836	8.989252565	9.313563311	10.08308037	10.51855481	10.82217246
4616	LPL	8.757223311	9.985984208	9.393390457	11.7054164	11.54211292	11.8909862
4624	LRIG1	6.671010241	7.905387005	7.334049768	8.985699652	8.556697635	8.658925511
4652	LRRFIP1	8.984703267	9.917521265	9.671717965	10.44107673	10.68544964	10.16603752
4661	LSM3	9.248402006	9.281002696	8.102238194	10.70822173	10.6656024	10.30959004
4667	LSR	5.744161096	5.09592442	9.235056863	8.957392293	9.244125943	9.382407876
4680	LTN1	7.570614722	8.489245876	7.647098607	8.445221817	8.977136792	9.059479665
4681	LUC7L3	10.33583694	10.52101146	9.844078028	11.29800527	11.37704781	11.09321947
4715	MAFF	5.213347282	6.183883459	8.697315122	10.41098127	10.20236874	8.463933011
4736	MAGI2	4.87282876	8.824322351	9.015415052	11.42232762	11.72919586	11.02160465
4753	MANBA	8.527867927	7.77016832	8.865733271	9.594324604	9.587964989	9.579693063
4758	MAP1B	7.57112007	7.73966789	7.646498229	9.50322946	9.757390009	9.695808211
4859	MCL1	11.68415687	11.40197278	10.49934763	12.9800503	12.81899152	12.35167084
4865	MCM6	10.20224629	10.91505773	10.49924796	12.2932992	11.94588272	12.5016133
4871	MDFIC	8.796364138	9.663380202	9.151777655	10.05351867	10.32631712	10.16364968
4884	MECP2	9.357991784	10.22713456	9.297374861	10.67101024	11.14031854	11.61654884
4904	MEGF9	9.628080947	9.070120944	9.935607074	11.23750875	11.37117767	10.8587581
4917	METAP1	9.436711542	9.557272223	10.49085088	11.03142552	11.20512122	11.45650843
4923	METTL3	9.772149591	9.30754237	9.318881696	10.27734553	10.45866293	10.06427122
4925	MFAP1	9.73978061	10.21941056	9.687550651	10.5339137	10.99640287	10.79474076
4946	MGAT5	9.712269046	9.680095753	10.27885596	12.49172786	12.19543373	12.36593963
4973	MIPEP	5.705977902	6.610286657	6.376776572	9.180157809	7.647458426	8.493455201
5013	MLEC	10.7228929	11.33784487	10.75980498	11.85619206	11.7925463	12.08723077
5029	MME	10.69853105	10.58524425	11.51574911	15.15943383	14.74767376	14.40629138
5066	MORC3	10.33237228	10.4937554	9.498450341	11.51948883	11.28314624	11.27844946
5155	MTDH	9.304465409	9.510961919	9.214683392	10.25897817	10.34468427	10.53585856
5163	MTHFD2	10.17554955	10.78152365	9.494855584	11.66946088	11.54901451	11.80787813
5167	MTIF2	5.646738698	7.833522636	6.173926932	8.427941333	8.402585758	7.643134662
5172	MTMR3	9.726047819	9.727750315	9.956811732	10.71046207	10.38413617	10.90373124
5174	MTMR6	8.978424465	9.223036338	8.490650349	9.688075426	10.28331991	10.47319838
5182	MTSS1	10.42290574	11.237449	9.878050913	11.99484839	12.03651707	11.99198236
5188	MTX2	6.811214118	7.096978636	5.904484098	9.399598369	9.242221395	8.62058641
5210	MXRA7	10.42574042	10.36555695	10.59142884	12.17738839	11.99834361	11.55928148
5211	MXRA8	12.42820312	12.172365	12.97819205	13.85327056	13.92552662	13.944831
5226	MYD88	9.529040056	10.13198554	9.958697703	11.21880538	10.96296828	10.28308835
5238	MYH9	13.18564978	12.98788573	13.19044202	14.27536796	14.5844928	14.97075302
5240	MYL12A	11.89113814	12.74211993	11.75618101	13.26740119	13.58210669	13.1383358
5249	MYL9	12.29946562	11.93457547	12.88059753	14.15938258	14.18129205	14.70426031
5250	MYLK	10.05406159	9.592083234	10.52522715	12.04237758	12.10587578	11.63617144
5256	MYO1B	9.44232151	9.995767151	8.826548487	12.51199967	12.43988282	11.88562012
5258	MYO1D	7.622051819	8.726218159	9.312656099	9.945590147	10.44470433	10.38219169
5259	MYO1E	9.9893945	9.813941482	11.10112214	11.65499397	11.36166968	11.85700903
5261	MYO5A	5.355791547	5.352264173	4.339850003	7.348728154	6.124121312	5.917670434
5267	MYOF	9.848309957	8.417008587	9.446049407	10.96152204	10.95477793	10.49705344
5292	NAB1	10.38446	9.903881846	9.465974465	11.17729495	11.16024962	10.82017896
5296	NACC2	7.257387843	8.026246773	8.812498225	9.695576306	10.00295562	10.32046211
5304	NAMPT	8.684397984	7.21042783	6.617651119	9.782998209	10.1544384	8.994636291
5310	NARS	11.55401319	11.60144582	11.21844215	11.99095486	12.13063491	12.43918158
5320	NBN	9.966217028	9.9479291	9.191306019	11.06096607	11.07340521	10.52287573
5339	NCKAP1	11.08533967	10.50143915	10.52757475	11.39890398	11.62269247	11.81977993
5348	NCOA6	9.228097163	9.191552781	9.678424083	10.51914479	9.975561406	10.11829223
5356	NDN	8.621685607	5.112700133	9.03919324	10.81008958	10.83999107	10.52923532
5358	NDRG1	11.51500986	12.45920106	12.37989275	13.38894559	13.16320938	13.00095068
5366	NDUFA5	9.035898787	9.480386311	8.30833903	9.661956197	9.957827561	10.10747865
5390	NEBL	8.086401646	8.070120944	8.009408761	8.005484202	11.45397792	11.18558784
5393	NECAP1	9.056908618	8.616548844	7.556122818	9.617100087	9.591896296	9.824799669
5397	NEDD9	9.436086864	9.29553937	7.507001733	11.2025524	10.95150329	9.833364507
5405	NEK7	9.789207575	10.18499928	9.108785791	10.81706359	11.34129643	11.01806105
5406	NEK9	9.772149591	10.43712784	9.668707738	10.83999107	10.90463462	10.65901474
5412	NEO1	6.268658955	7.287250643	9.296686825	9.516881891	9.765700488	9.065281486
5422	NFASC	10.14957693	10.02111879	10.75176664	12.14439249	12.13876232	12.54150806
5426	NFATC3	9.550682536	9.375401363	9.633842759	10.37984728	10.38402821	10.07690376
5429	NFE2L1	11.7866372	11.44775481	12.14882609	12.9742891	12.80602594	12.98999757
5430	NFE2L2	10.06123617	10.12114495	10.6720717	11.02091051	11.16622586	10.92748169
5431	NFE2L3	5.078951341	7.099084761	7.368069877	9.267254872	9.408754313	7.865423978
5526	NPHS1	10.00856868	10.46352437	11.05541802	13.27680778	13.3066456	12.79344074
5537	NPTN	10.57374185	11.78985964	10.90101771	12.67445712	13.09867365	12.79883628
5580	NRIP1	9.210671344	9.268658955	8.225448469	11.25290192	10.93221475	9.943393929
5596	NT5E	6.859224162	4.548436625	6.203592714	7.450386479	8.022367813	9.847213982
5600	NTNG1	9.350644426	9.011227255	9.742421613	11.84444411	11.64039544	11.15429029
5609	NUCB1	12.32738423	11.37509375	12.60954814	13.25678365	13.09997236	13.61588248
5624	NUP160	7.417008587	6.294620749	5.605849867	8.097505456	7.66106548	7.9795681
5636	NUPR1	9.844705764	9.498250868	10.76925933	10.78275255	10.86839817	11.93873421
5644	NXT2	4.517275693	3.827819025	5.289096702	7.839203788	7.106432078	6.87036472
5646	OAS1	6.100136671	7.46515823	7.73369328	11.73990716	11.67167374	9.153805336
5659	ODC1	9.764374024	10.29191891	10.88668731	11.85484891	11.89089123	11.67897419
5687	OPTN	9.637228577	9.845176387	9.516684949	11.21714951	11.13427614	10.63882776
5715	OSER1	6.83541884	7.656782364	5.040015679	8.98669535	8.672425342	7.965784285
5719	OSMR	9.164278438	8.937079513	8.055282436	9.795552678	9.745926375	9.620219826
5722	OTC	5.683696454	6.586464526	6.105384749	7.098558518	7.55880334	6.897845456
5724	OTUD4	12.09272411	11.66293535	10.40492866	12.81658371	12.77377797	12.79439556
5753	PADI2	6.822730148	6.622051819	7.328226119	7.732676223	8.556506055	8.1017131
5756	PAFAH1B1	10.19364856	10.68417879	10.25709314	11.42786279	11.1552926	11.22228172
5765	PAK1	7.419960178	7.810250286	7.288173968	10.23703066	10.26455989	9.728515784
5770	PALLD	11.08174972	11.96881077	11.05195661	14.19086637	14.35799178	13.80251637
5772	PAM	11.27227986	11.27461111	11.11054856	13.34214413	13.37340896	13.70913768
5773	PAMR1	8.150762744	6.390598906	5.652486495	9.362820526	9.462093229	9.65731845
5775	PANK3	6.004501392	7.63008507	5.692092375	8.709428501	8.195249158	7.541483864
5778	PAPOLA	6.22881869	8.415741768	8.135965742	9.258330473	9.334943631	8.658211483
5781	PAPSS1	8.844548856	10.11009175	9.628992257	10.98541504	10.91774501	10.33483193
5793	PARP1	9.460455896	9.468216732	9.712441021	10.22875858	10.49735289	10.50610919
5798	PARVA	10.70615063	10.59674883	11.20567109	12.20838679	12.1589252	12.92217554
5802	PAWR	7.957392293	8.081882837	8.020702204	9.104205595	8.981852653	8.626256598
5850	PCMT1	9.118422024	9.960050166	9.667170633	10.74575835	10.48921175	10.57918958
5851	PCMTD2	4.169925001	7.876516947	4.548436625	7.887525271	8.25124569	8.142107057
5856	PCNXL4	4.517275693	6.584962501	5.9795681	7.392317423	7.256444596	7.90147032
5883	PDE4B	5.495055528	7.099084761	7.753551055	9.871597266	9.83447105	8.585713709
5896	PDGFA	9.789859641	9.804453736	9.57184743	11.04691936	10.82698536	11.19549525
5906	PDIA3	10.69392249	10.70908381	9.62516088	11.49280456	11.61263816	11.64646871
5908	PDIA6	8.90101771	9.338959175	9.341630009	10.23080103	10.2183816	9.960870764
5916	PDLIM5	9.126898024	9.884132352	8.752129721	10.87309801	11.06420384	10.55125164
5918	PDPN	8.484621527	8.468013034	8.970681128	9.59531959	9.388232597	10.53737955
5943	PEX11B	9.12902537	9.564530601	9.033423002	10.14784089	9.998026216	10.25124569
5946	PEX14	6.74281467	8.286788759	8.326878855	9.529430554	9.807193898	9.197216693
5967	PFN2	9.930072007	10.12295738	10.33309943	12.25809487	12.23045582	12.40011894
6008	PHLPP2	8.068778278	7.80928581	8.171427027	9.169423979	9.307883849	8.725536678
6013	PHYHIP	12.19997901	11.50501756	12.43410693	13.23794188	13.25678365	13.5322098
6024	PICALM	10.73843009	11.99968297	10.65374078	12.31820384	12.27571714	12.13262825
6051	PIKFYVE	10.1063012	9.622783966	9.220378328	10.56738573	10.31854281	10.62232642
6090	PLA2G15	7.230741003	7.069315495	7.394891366	9.071194179	9.328899279	9.133655993
6099	PLA2R1	7.726899318	8.046851165	7.498649788	10.91584204	10.97477307	10.72024426
6112	PLCE1	8.052568051	8.236970886	8.671010241	12.44387597	12.25183742	12.20609861
6114	PLCG2	9.987406143	10.34828554	10.49230387	12.68338943	12.83533988	11.5765552
6142	PLOD2	8.947783026	9.133912814	7.643134662	10.57667329	10.70632333	10.4236412
6147	PLS3	9.103550093	9.914385132	8.73386272	10.97462969	11.27911722	10.52253249
6148	PLSCR1	9.616916363	9.807193898	10.60917874	13.24515157	13.2968732	11.64934601
6155	PLXNB2	12.68698193	12.16226543	12.90504848	13.44517008	13.46213158	13.80502839
6192	PODXL	14.63166591	14.59774997	14.08050944	16.18333492	16.05840402	15.52050512
6240	POSTN	10.72340497	11.02700749	12.26100772	12.30634655	12.27181315	13.41308576
6269	PPFIA4	9.760719947	9.921989661	9.635899466	10.46240002	11.22466497	10.74037107
6281	PPIP5K1	6.309248961	6.560714954	5.596935142	7.307428525	7.955359305	7.24697806
6290	PPM1H	8.667111542	8.994919089	9.656424863	10.07988474	10.46055828	9.746178381
6313	PPP2CB	11.7867597	11.70334126	11.5574637	12.95059235	13.12660769	12.4783146
6316	PPP2R2A	10.41061035	10.16653972	9.835181951	11.12957281	10.94152451	10.64123893
6347	PRCP	12.33603228	12.37400701	11.75888943	13.3356974	12.97303362	12.77624795
6354	PRDX6	9.819221104	10.36883381	9.502036164	11.36079223	11.34518345	10.83194056
6357	PREPL	9.014578465	9.034798963	7.733354341	11.21061047	11.09163373	10.8744435
6371	PRKACB	5.773468928	8.16540952	7.937226674	8.64385619	8.985272714	8.92421868
6374	PRKAR1A	11.95365083	12.29412273	11.48316077	13.17499323	13.29901622	12.6060195
6377	PRKAR2B	7.828453874	8.622417939	8.742140985	10.16641418	10.03946744	9.794740761
6384	PRKCI	8.956618062	9.046760056	8.737641474	9.946321477	10.44315076	11.18582505
6393	PRKG2	5.189824559	5.812498225	4.770829046	6.692092375	7.073606041	6.336283388
6403	PRMT2	9.438583956	9.150847263	9.709543264	10.05835167	10.21888528	10.11165735
6437	PRRC2B	10.23864358	10.40801123	10.48683502	11.264208	11.12534889	11.60320905
6466	PSIP1	9.749031382	9.838731212	9.006746832	10.54501271	10.7300455	10.45691906
6469	PSMA2	9.286211196	9.315828851	8.428150768	10.22809716	9.97792384	9.760054574
6470	PSMA3	10.84956148	10.64006414	9.319897877	12.17866485	11.82001936	11.09790044
6485	PSMC2	10.17530004	10.64304445	10.30355246	10.95157614	11.18413149	11.1221809
6492	PSMD10	10.14618679	9.93855045	10.06703094	11.20731943	11.0454184	10.6213193
6516	PTDSS1	11.51678342	11.28447712	11.33309943	12.10702087	12.08497443	12.18580462
6522	PTGDS	12.23080103	11.43422841	14.39632114	15.42258485	15.29161787	14.57132603
6526	PTGER4	9.232181058	8.591335336	9.057450272	10.95568623	10.84983511	10.63367641
6548	PTP4A2	11.11569395	11.43543587	11.25529418	11.96702807	12.02439518	12.12404051
6552	PTPN11	8.689997971	9.375546241	8.146186791	10.06599902	9.640546099	10.24535423
6554	PTPN13	10.30856657	10.30446541	8.275891694	11.31350663	11.36498273	10.81169579
6555	PTPN14	8.872520985	6.598424761	6.368069877	9.275426158	8.751209288	9.15304529
6559	PTPN21	7.955649908	8.57194221	6.635173947	9.321702656	9.306517445	9.124509081
6564	PTPN7	9.022367813	9.126446365	9.921692198	10.52434582	10.31174832	10.98900415
6570	PTPRD	8.600160459	9.389953933	9.088788239	11.44245941	11.38929039	10.67695582
6580	PTPRO	8.792139552	8.523365924	9.169173402	12.23827038	12.35815667	11.68450757
6597	PVR	8.486432821	9.732506644	9.362491806	10.05365442	10.08819196	10.45213826
6599	PVRL2	11.80586476	10.92814822	11.90335467	12.9357728	12.28019079	12.65416609
6623	R3HDM2	10.15646235	9.754887502	10.07507797	10.94200126	10.89996107	10.45460775
6632	RAB21	9.208965886	8.928962441	8.338959175	10.10930832	9.540128039	9.652844973
6647	RAB3GAP1	9.791244302	10.08281434	9.697315122	10.76954861	10.66422504	10.4804368
6654	RAB5A	9.814181884	10.13082793	9.714846515	10.73733186	10.74961806	10.39617662
6666	RABGAP1L	8.531576406	8.85237345	8.477353527	10.92744465	10.99830835	10.57194221
6668	RABGGTB	8.395748328	8.408966552	8.98982022	9.601956451	9.106955457	9.564911611
6675	RAD1	7.146695948	7.930145948	7.352264173	8.565292521	7.999436337	8.349612972
6679	RAD23B	9.516290986	9.761218776	9.151904468	10.46286009	10.63617144	10.44475609
6680	RAD50	6.978996396	5.76420813	6.105384749	7.917670434	7.469641817	8.655172912
6692	RAG1	5.289096702	5.988684687	5.221103725	6.125155131	7.924812504	6.543805176
6694	RAI14	8.096451624	9.394462695	8.928074173	10.53886792	10.55775087	10.34762137
6733	RARRES2	10.93803579	10.17804233	12.46696863	13.35291242	13.08776116	13.37517522
6790	RCAN1	8.063934306	8.397460726	9.345183447	10.52786793	10.82408363	10.30309576
6801	RDX	9.854790482	10.18821793	8.836997109	11.10250067	11.26628877	11.12140401
6837	RFTN1	7.700439718	8.866660751	9.279146244	9.82527683	9.683170083	10.33985
6851	RGS10	8.016622229	8.313790025	8.701479748	9.45224124	8.990198438	9.20985931
6872	RHEB	9.541193437	9.684222633	9.521011464	10.82857288	10.54240316	10.27210486
6877	RHOBTB2	7.976707312	8.548436625	8.484218708	10.57089929	10.41859055	9.907791998
6883	RHOQ	9.508190931	9.504521085	9.254083779	9.905387005	10.58590145	10.15488138
6916	RNF11	9.648717087	10.33594857	9.811535252	11.18722834	11.58759002	11.01052811
6921	RNF13	6.970393538	8.862947248	7.637349411	9.835892502	9.67930415	9.784634846
6934	RNF40	8.899054756	7.744833837	10.06393431	10.19463375	10.19918155	10.52640143
6935	RNF41	7.924812504	7.944858446	8.543805176	9.192292814	8.735725245	9.709600815
6944	RNMT	8.038370332	6.499845887	6.224966365	8.215290306	8.261624836	8.084276911
6985	RPA3	7.374170076	8.945590147	8.310612782	9.125671763	9.393604969	9.324180547
7038	RPN2	10.99527251	10.31072638	11.25496954	12.47580941	11.86302471	12.41180225
7070	RPS6	12.64696365	12.87975554	12.63861692	13.35606676	13.18326319	13.94949846
7089	RRAS2	7.848831349	8.329721455	8.390312144	9.378728358	8.993126908	8.705401883
7105	RSAD2	8.355791547	8.670656249	6.918863237	13.12596229	13.27302335	7.931328485
7106	RSBN1	8.383704292	7.377644358	7.166916252	9.12902537	9.072266615	8.296916207
7137	RYR3	9.273096224	8.744497506	7.630813152	10.78814734	10.90124403	10.08135028
7159	SACM1L	9.324180547	10.05663772	9.204571144	10.77848786	11.0610336	10.94317412
7167	SAMD4A	6.378511623	6.38024459	8.081616583	8.277054876	8.718019065	8.361505198
7173	SARAF	10.12295738	10.67481018	9.324180547	11.31690374	11.25933134	11.10125349
7178	SART3	10.44573912	10.1690481	10.21650337	11.1508262	11.54124185	11.22966002
7186	SBSPON	9.581577216	9.724002168	9.334496768	11.63725883	11.9560857	11.2718715
7188	SCAF11	8.245552706	9.052568051	8.150762744	9.681853315	9.364244112	9.67542783
7229	SCRN1	5.804776378	9.325305455	10.12373344	10.88950396	11.24114898	10.72749507
7233	SDC2	5.346956889	6.447909749	7.833522636	8.73369328	9.249350524	9.232900547
7235	SDC4	10.66186715	10.19537221	11.36473656	11.93660114	12.40668334	12.99779694
7263	SEC61G	9.335613665	10.07280253	8.443358004	10.13057056	10.72758016	10.4152136
7267	SECTM1	7.194756854	7.731319031	8.459021704	10.68044744	10.9489512	9.860000598
7276	SEMA3C	7.862637358	7.146695948	5.215290306	8.990103964	9.559281481	8.630631166
7282	SEMA5A	10.72425803	10.61111704	11.47294463	13.95206323	14.15266908	14.02468952
7298	SERINC1	10.84838821	11.29266673	10.38284014	11.98163863	12.12850994	11.70269217
7300	SERINC5	5.350497247	6.61176256	7.94016675	10.37666806	10.7046818	10.75538835
7317	SERPINB8	5.548436625	6.936637939	5.432959407	8.189330401	7.921245889	7.142617655
7325	SERPING1	14.04205262	13.71546871	14.09931493	15.00446189	14.81161552	14.35733894
7327	SERPINI1	8.814742667	7.071462363	6.195741293	8.767191303	8.80928581	9.284939742
7346	SF3B3	6.283551423	6.145677455	6.361066489	6.62935662	7.508587112	7.422064766
7372	SH2B1	9.339850003	9.581200582	9.630813152	10.18908326	10.28470845	10.2593902
7385	SH3GLB1	10.43660745	10.9482212	10.75747335	11.33114088	11.50238431	11.39526635
7398	SHOC2	8.662134275	9.795552678	8.361943774	10.45635442	10.83802206	10.52209107
7408	SIK1	5.638073837	9.024862627	8.769507291	12.13711923	12.00077468	8.861707287
7422	SIX1	6.378511623	6.586464526	6.294620749	7.698357406	7.593951284	7.063934306
7431	SKP1	10.92507222	11.38208359	10.50635717	11.9863576	12.28155337	12.05975004
7443	SLC12A3	6.574404309	6.928370323	8.297374861	8.980139578	8.906289347	9.465566405
7473	SLC20A1	8.699051844	9.979710991	9.552669098	10.34784279	10.46444365	10.29140096
7474	SLC20A2	8.251482411	7.776433032	8.727409977	9.77626852	9.247096776	9.65803292
7483	SLC22A4	5.412781525	4.683696454	3.632268215	7.62935662	6.804776378	6.985272714
7493	SLC25A14	6.649615459	7.157852169	7.546122759	8.113742166	8.424586226	8.063395081
7511	SLC26A4	6.345183447	7.36719631	5.727920455	8.144658243	8.813460557	7.616181231
7519	SLC2A3	10.63144992	10.39135101	11.2469187	12.55502044	12.07102654	11.04220656
7583	SLC7A8	11.09901899	11.1776064	12.55466079	13.08359567	13.23438336	12.43975298
7603	SLK	10.11074429	9.729790662	9.981852653	12.25032803	11.87969811	10.78741287
7618	SMARCA1	9.581388911	9.321928095	8.754553506	10.42846486	10.29001885	10.12683351
7619	SMARCA2	10.42647443	10.61148594	9.626256598	11.16229691	11.42576665	11.77344832
7667	SNCB	5.951867504	7.407692649	6.608809243	8.4400386	8.485024233	8.345627012
7691	SNRPG	10.68115055	11.17186482	10.83597143	11.63549141	11.76892864	11.73547141
7711	SOCS3	7.283088353	7.6727789	8.440453944	8.961739073	8.408117408	8.878817285
7715	SOD1	12.00786824	12.14650504	12.07159644	12.74428726	12.69093647	12.69507601
7783	SPINT2	11.40530104	10.4314976	11.96322123	12.59730769	12.20004033	12.31466821
7785	SPOCK1	9.00506308	9.304465409	6.974988112	11.9956965	12.28433252	11.36736014
7786	SPOCK2	11.4604047	11.21662462	13.84099423	15.43028266	15.47568277	14.59621888
7807	SPTLC1	10.7077905	11.19087408	10.00112667	11.67401567	11.7866372	11.6262566
7809	SPTSSA	9.301381872	9.413522156	8.962028393	10.05419729	9.951066108	9.898979205
7830	SRP9	10.95666655	11.79352203	11.22019692	12.10744595	12.19429517	12.13996696
7843	SRSF10	8.406205005	8.286557762	7.806710718	9.471472004	9.063799519	9.004501392
7845	SRSF3	10.4900486	10.24745286	10.30799766	11.31543264	10.9162527	11.13615805
7852	SS18	9.154185209	9.635536752	9.890340286	10.50347794	10.79352203	10.25933134
7854	SSB	10.40928485	10.58233019	10.24579036	11.30788385	11.13795173	11.31379003
7856	SSBP2	4.491853096	6.070389328	7.927185358	9.520815086	9.271229563	8.800252806
7887	ST3GAL6	8.801223338	8.588339861	9.184875343	11.89625671	11.73885226	11.51362891
7907	STARD7	12.25136406	12.20786846	12.26611305	13.28823166	12.90914305	13.15404277
7909	STAT1	9.610655774	9.747941195	10.03325091	13.11918026	12.99861246	10.65445702
7931	STK24	10.77082905	11.27891402	10.90974311	12.02462026	12.06039196	11.73454028
7946	STRAP	9.877437522	10.45542997	10.4487358	10.92540608	11.07400763	11.03190793
7952	STX11	7.634689822	8.048759312	8.011040476	8.57251076	8.88366144	8.588964182
7961	STX7	9.562624039	10.23517656	10.20579325	11.43811608	10.8482317	11.36790612
7967	SUB1	9.554780687	9.957682486	9.900715891	11.2182605	10.94537068	11.18797059
7973	SULF1	7.194756854	6.593951284	9.530211233	11.5549725	11.6165029	12.01666902
8005	SYCP2	5.296457407	5.402585758	3.678071905	7.008988783	7.362820526	6.966937979
8021	SYNJ2	8.130827934	8.398743692	8.060695932	8.63481105	9.34251919	8.894817763
8023	SYNPO	13.21755639	13.07744998	13.970425	14.95006829	14.9721833	13.88620146
8065	TAF4	6.314696526	6.560714954	5.318316841	7.911691582	7.296457407	8.185866545
8084	TAPBP	12.8110736	12.49877443	13.28693311	14.21469098	14.06003725	13.75506491
8087	TARDBP	10.65803292	10.61259209	10.97856747	11.45012868	11.72024426	11.74626237
8091	TATDN2	7.241268177	7.785942819	9.016251155	9.962028393	9.550939132	9.875134981
8092	TAX1BP1	10.65351688	10.92198966	10.54269335	11.70152307	11.77801551	11.6574971
8104	TBC1D9B	9.636443366	10.01861748	11.14987411	11.54703911	11.43306377	11.2721632
8105	TBCA	10.17455123	10.33516701	9.741635516	10.85689234	11.25650357	11.46193981
8106	TBCB	10.83352264	10.93678515	11.31605521	11.92373602	11.73148875	11.7751164
8130	TCEB1	11.36550227	10.88950396	11.23098111	11.74819285	11.99088397	12.19463375
8138	TCF21	7.982423227	9.116343961	10.42773187	12.34598731	12.50176256	12.86354747
8143	TCF7L2	8.470048726	8.374604819	8.424166289	9.995625842	9.078684546	10.07400763
8166	TEAD4	9.460865404	8.510566389	8.663202279	9.767522386	10.00436094	10.19377174
8175	TENM1	5.189824559	6.307428525	3.944858446	7.641690523	7.394033895	8.547665748
8220	TGFBR3	10.97770923	11.298979	11.30902153	13.53286726	13.1572206	13.66813154
8247	THSD7A	9.112700133	9.033423002	9.127994321	11.74890563	11.7714482	11.49685378
8260	TIMP1	11.8621724	11.92161782	12.69485843	13.47416223	13.37226653	14.06535723
8265	TIPRL	5.799605422	6.830356747	7.159871337	8.558420713	8.119459934	7.967514481
8276	TLE4	7.50422312	8.162139528	7.092757141	9.440350119	9.364463	8.920650595
8277	TLK1	9.242935895	9.195003027	9.190318548	10.56090598	10.29576893	10.08361229
8278	TLK2	10.32350518	9.988826677	9.76884596	10.81338039	10.86959384	10.83336451
8296	TM9SF4	8.705632387	9.305149746	9.401306206	9.74281467	10.08347933	9.891176125
8303	TMED10	10.5074478	10.89988556	10.56085822	11.91404871	12.18451896	12.20186355
8306	TMED5	9.124121312	8.481395824	9.006466343	10.52228727	10.41869595	10.36817904
8314	TMEM123	10.57070958	11.78582025	10.40758644	12.07921809	12.31197531	12.05032483
8329	TMEM259	10.34218581	9.335613665	10.71123677	11.47765709	11.1836974	11.37378957
8334	TMEM5	6.426264755	5.956521363	8.097505456	8.11997861	8.660709039	9.027629592
8390	TNNC1	6.74281467	7.432959407	7.301953395	10.51747255	10.44821957	11.31814734
8392	TNNI1	7.974988112	9.159871337	10.62990299	11.16522107	11.20059214	11.35562639
8396	TNNT2	7.803485376	7.592457037	9.729110867	11.61378946	11.72864332	11.9037689
8406	TOB1	9.864650457	10.34018392	9.721099189	11.52346394	11.57412044	11.31729955
8411	TOM1L2	10.0745429	8.284477118	8.648177796	10.42259043	11.02146585	11.45553272
8412	TOMM20	10.58674598	10.70381708	10.77988347	11.99721477	11.45213826	11.84784036
8430	TOX4	8.731997787	6.437960088	8.027905997	9.986410935	9.625343558	9.891176125
8462	TPX2	7.749534268	7.287250643	7.216260837	8.403438163	8.082149041	8.296457407
8475	TRAF5	8.835734632	9.602513297	9.030805055	10.23798668	10.00161931	9.810651961
8482	TRAM2	10.10210694	10.7190465	10.49245409	12.41399807	12.27195901	12.00828855
8500	TRIB2	12.43697175	12.10341896	13.02491456	13.7109732	13.38952379	13.69322013
8508	TRIM22	9.428569547	6.94602899	7.892391026	10.80992887	10.95143043	9.171927354
8522	TRIM44	9.146016948	9.563196272	8.77950039	10.54750478	10.38363194	10.33751041
8553	TSC22D3	11.82644918	11.82312836	10.77318043	13.1261398	12.97966634	12.81931093
8563	TSPAN3	10.46801303	10.45368219	10.7855342	11.30868032	11.69348696	11.55271712
8569	TSPAN8	5.837943242	6.424586226	5.947198584	8.461888664	8.656067274	8.170926525
8576	TSPYL4	9.221103725	8.502235115	8.974127743	10.60362634	10.64060647	10.52032402
8577	TSPYL5	9.301724813	9.593764588	8.667111542	10.09156762	10.49135207	9.762215916
8614	TUBB2A	10.67162952	10.80837379	11.36972438	12.65757146	12.7076969	12.51780051
8630	TUSC3	7.876721365	7.06967317	6.764650029	9.688250309	10.05116271	9.108611486
8642	TXNIP	13.75211927	13.67927116	13.15149228	14.61141678	14.59624218	14.19571823
8645	TXNRD1	10.89345323	11.00688706	11.60765396	12.05440082	11.86031105	12.28065479
8646	TXNRD2	8.075211711	7.925999419	7.97441459	9.028182348	9.757056592	10.58242428
8651	TYRO3	11.18774363	10.92570278	12.05679552	14.10939811	14.21341032	14.06727469
8657	UAP1	6.780047576	4.852997588	5.918863237	8.379811544	7.468420402	6.997744026
8659	UBA2	9.766363262	10.54544718	10.37818646	10.99364606	11.16848409	11.27763612
8685	UBE3A	7.596003349	8.839203788	8.003517912	9.332204424	9.585432052	9.312826244
8696	UBR2	9.080551077	9.220378328	8.87036472	10.57582284	10.53673289	9.732337045
8701	UBXN2B	6.777419716	7.21042783	7.399171094	8.824322351	8.80928581	8.43629512
8713	UGCG	9.37818646	9.488844346	9.542548262	10.97563305	11.29154485	11.45005134
8715	UGP2	8.346735328	8.971687242	8.185123207	9.633358551	9.745170091	9.343296773
8736	UNG	8.421644094	9.5360529	9.624612709	10.56100148	10.48542683	10.95790009
8774	USP33	9.978710459	10.58477464	10.34496161	11.27117119	11.34894941	11.13583752
8777	USP46	8.882643049	7.943686952	8.512147859	10.68921179	10.59916899	10.28805858
8814	VCL	10.85720347	11.14510424	10.84956148	11.65539655	11.70770423	12.06447333
8818	VDAC2	10.39274673	10.62602839	10.30446541	11.14558193	10.96249841	11.2298102
8821	VEGFA	11.74152302	11.95274125	11.95384468	14.89117897	15.08504209	14.16446387
8832	VILL	6.141596278	6.958842675	7.21916852	7.810571635	7.647458426	9.265849421
8833	VIM	13.81273887	14.18784691	14.71991284	15.04426176	15.85102917	15.72565916
8845	VPS13D	7.805421446	8.188341576	9.056908618	9.87774425	9.767025733	10.0059052
8846	VPS26A	9.46515823	10.81762326	9.1017131	11.34834088	11.72310628	11.54583326
8869	WASF3	9.238165863	8.880807948	7.703211467	9.720415285	9.68474862	9.887220615
8870	WASL	6.532161085	7.718361626	6.523561956	9.196110285	9.755555262	8.332036548
8896	WFS1	9.624612709	8.314696526	10.49395549	11.31083996	10.94544384	11.59549061
8916	WNT5A	6.491853096	5.715618859	5.348728154	7.678071905	7.532550739	7.081616583
8920	WRB	8.900866808	9.064203842	9.067165427	9.897542973	9.945590147	9.776926458
8925	WT1	8.943686952	9.533329732	10.59558385	12.10438581	12.1931403	11.2856334
8926	WT1-AS	9.832837178	10.10074906	10.15549247	11.02204386	11.21227325	10.44839098
8930	WWP1	8.795173732	8.87436665	8.300276133	9.811374694	9.975847968	9.396176618
8934	XBP1	11.03335417	11.20089861	11.59784306	12.77590858	12.54861724	12.47126876
8947	XPO1	9.76884596	9.999295387	9.141085319	11.35419427	11.33868068	10.09790044
8958	XYLT1	3.498250868	4.911691582	5.321928095	7.680886921	7.06501215	7.041111535
8964	YBX3	9.90101771	10.46984529	9.798795784	11.18351133	11.60283803	11.18084157
8980	YWHAE	8.634448062	9.198690586	9.117383367	10.35270557	10.74230944	10.47126876
8982	YWHAQ	11.40867471	11.68213872	11.47631586	12.61656033	12.53386505	12.25330091
8983	YWHAZ	11.61225389	10.98075795	10.61034757	12.37001521	11.90611381	12.13632887
8993	ZBTB18	7.567195561	7.379378367	7.233619677	9.148349467	8.258801557	8.366103608
8994	ZBTB20	10.58824615	10.79445648	10.36051791	11.05433298	11.5535333	11.53852846
9015	ZCCHC11	8.044940491	9.060695932	9.1382718	10.00028175	9.941194363	9.913787
9039	ZFYVE9	9.366322214	9.675604253	8.719731057	10.1864857	10.44987084	10.06850959
9075	ZNF146	11.88592511	11.39933134	11.39762116	12.35091156	12.19158362	12.64574849
9086	ZNF185	7.282625134	9.017643583	8.790511412	11.45496753	11.61751338	10.21541166
9112	ZNF264	7.435461914	7.22881869	6.733354341	8.819221104	8.737754352	8.62935662
9131	ZNF35	7.623515741	5.523561956	5.921245889	8.772479538	8.083213368	7.853621456
9138	ZNF423	5.209453366	7.381975479	5.137503524	8.426264755	7.704595348	7.570614722
9148	ZNF507	5.820178962	6.880195729	5.733354341	7.864186145	7.841721581	6.655351829
9150	ZNF516	7.565292521	7.296916207	7.746850183	8.813139851	8.376125389	7.929258409
9160	ZNF629	8.243173983	8.23935985	7.175923742	9.076815597	9.309248961	9.426264755
