incR0	lncipediaID	Case1	Case2	Case3	control1	control2	control3
incR1	DANT2:1	7.228811	6.702627	6.8743825	6.483571	6.5076065	6.45814
incR2	EHHADH-AS1:2	3.1123247	2.3408773	2.4479163	1.6242862	1.404727	1.129945
incR3	FTX:3	6.6707296	5.948735	5.658274	5.1765766	5.1883907	5.0745378
incR4	GMDS-AS1:22	4.348852	3.670584	4.5480647	3.5004072	3.529222	3.34263
incR5	KANTR:12	4.2723103	4.151682	4.3191915	3.5675292	3.7684958	3.8325858
incR6	KCNAB1-AS1:1	3.3260581	3.808885	3.3250997	3.2708347	2.261091	2.4329784
incR7	KCNIP2-AS1:2	2.1461365	2.369361	1.2962412	1.2788497	1.1399442	1.083559
incR8	LINC00189:5	2.197173	1.9495907	1.6876227	1.3750572	1.6099181	1.4396452
incR9	LINC00426:23	2.9725509	3.0092325	2.626949	2.434972	2.2802155	1.5149077
incR10	LINC00472:10	3.761829	4.393029	3.6796772	2.7529082	3.224855	3.5698168
incR11	LINC00637:1	9.291683	9.256987	9.288988	8.626273	8.706516	8.851483
incR12	LINC00693:6	4.481495	4.7314305	4.7705264	4.487727	3.91688	4.1660795
incR13	LINC00882:19	7.2195883	6.4264617	6.5672507	6.310983	5.765479	6.0730224
incR14	LINC01057:14	4.0093813	4.14363	4.3204193	3.6174288	2.4645703	2.1056166
incR15	LINC01059:1	3.6989176	3.798647	3.6842802	3.2437973	2.945253	2.899047
incR16	LINC01135:8	3.5857215	3.2328098	4.458708	2.5036829	1.8548266	2.8695793
incR17	LINC01167:1	2.8211107	1.6013858	2.9601808	1.1000478	1.0739625	1.7425781
incR18	LINC01296:20	3.5048945	4.2492313	3.465578	2.43703	3.0521145	2.3619032
incR19	LINC01515:20	3.3522608	2.7075548	2.1845036	0.8468904	0.8339035	0.82230735
incR20	lnc-AADACL4-2:1	3.1256018	3.3434153	4.307604	2.9054363	2.5694342	2.0339658
incR21	lnc-ABCC3-1:1	2.880742	2.4882252	3.207699	1.7911711	1.4394728	2.4349165
incR22	lnc-ABHD8-1:1	2.0430548	1.6674476	1.9389187	1.5466273	1.6491593	1.2632135
incR23	lnc-AC006946.15.1-3:1	7.0545444	7.2565126	7.273983	6.4527483	6.479737	6.6503286
incR24	lnc-AC011294.3.1-2:4	6.2756696	5.9398494	5.7616167	5.6030717	5.549036	5.4446864
incR25	lnc-AC011450.1-2:3	3.0368354	2.2840357	2.6122715	2.135137	1.0134189	1.5270241
incR26	lnc-AC015987.1-7:1	8.889849	8.706516	8.373722	8.18751	8.282436	8.254807
incR27	lnc-AC017028.1-6:1	6.248226	6.6288447	6.4203124	5.8465395	5.7412977	6.1650786
incR28	lnc-AC022498.1-2:3	5.038923	5.1327977	4.4347453	3.917726	4.520933	4.0533996
incR29	lnc-AC023469.1.1-2:1	4.43999	4.7104993	4.494941	4.240058	3.3249826	4.03983
incR30	lnc-AC027323.1-2:1	8.556101	8.3636675	8.276474	7.7428646	8.155425	7.5347476
incR31	lnc-AC068473.1-9:1	3.3740811	2.7560678	3.118034	2.4741757	2.5873597	1.8314539
incR32	lnc-AC073416.2-10:1	3.6023104	3.0965736	3.8804471	2.8502412	1.8594677	2.844103
incR33	lnc-AC079341.1-10:1	2.976809	2.538936	2.3663323	0.85024065	1.9173613	0.82470673
incR34	lnc-AC087650.1-2:1	5.930983	4.7408314	5.1530566	2.3672786	4.446038	2.828463
incR35	lnc-AC092329.1-1:21	4.3070693	3.91579	3.6857417	2.9626212	3.6251638	2.9577303
incR36	lnc-AC093726.6.1-5:1	3.414346	3.5050137	2.9368706	2.378785	2.768115	2.5547771
incR37	lnc-AC110373.1-8:20	4.0084476	3.538204	3.5276678	2.5703366	2.1181912	2.4325461
incR38	lnc-AC112715.2.1-1:1	2.071748	2.5095582	2.911385	1.0360272	0.99984306	0.98076665
incR39	lnc-AC114546.1-15:1	2.3738115	2.4618812	2.4846864	1.6113428	2.2190952	1.8257617
incR40	lnc-AC114546.1-9:1	3.413898	3.1563137	2.8791018	2.2157397	1.8429344	2.5320578
incR41	lnc-AC114783.1.1-5:1	3.1307824	2.6395094	2.381736	1.9471006	2.3667073	1.9044892
incR42	lnc-AC118344.1-2:1	11.065155	11.163643	11.0137825	10.759372	10.201399	10.826615
incR43	lnc-ACAA1-2:1	2.4156477	2.652857	1.6024262	1.0893469	1.5439377	1.1268189
incR44	lnc-ACBD3-2:1	4.857952	5.356209	5.143027	4.3435307	4.7084203	4.7548275
incR45	lnc-ACBD6-7:1	1.2595664	1.3793137	2.1723075	0.8143722	0.80227274	0.80243516
incR46	lnc-ACER1-1:1	3.239274	3.7377715	3.766168	3.0182886	3.2074742	3.1780157
incR47	lnc-ACTG1-3:1	4.334818	4.56542	4.1190767	3.430537	3.106068	2.7488015
incR48	lnc-ACTL6A-1:1	5.680117	5.5522747	5.970133	5.341919	5.1877365	5.335428
incR49	lnc-ACTR1B-6:1	3.3258767	2.6317623	1.5752639	0.88540757	0.9100231	1.6063522
incR50	lnc-ACYP2-7:1	5.4685316	5.326021	5.0467033	4.6615973	4.8017335	4.980464
incR51	lnc-ADAM10-8:1	5.464044	5.2509203	4.617753	4.67576	3.9909577	4.254809
incR52	lnc-ADAMTS18-3:1	1.7153031	1.8280723	1.3712059	1.1715202	1.0257105	0.98691994
incR53	lnc-ADAMTS8-2:1	2.6161592	2.8785887	3.0897985	2.2002969	0.87883717	1.3107038
incR54	lnc-ADAMTS8-3:1	4.367297	3.7692192	3.7850394	3.434935	3.4476757	3.1522892
incR55	lnc-ADAR-2:3	7.363276	7.284642	7.2470546	6.9241014	6.8415265	6.833006
incR56	lnc-ADC-2:1	1.7148517	1.787066	1.2188525	0.91392237	1.2410228	0.88848555
incR57	lnc-ADRBK2-2:1	5.1177754	5.195952	5.2517	4.901818	4.367191	4.570789
incR58	lnc-AEBP2-3:1	4.959695	4.575857	3.5002584	2.3931932	3.004826	3.08014
incR59	lnc-AGBL1-12:1	5.526278	5.622577	5.848195	5.3227525	5.069888	4.3390055
incR60	lnc-AGBL1-3:1	4.406185	3.8623462	4.106303	3.5598357	3.7849054	3.426044
incR61	lnc-AGBL3-3:2	9.773022	9.868912	9.403016	9.415297	9.218233	8.978515
incR62	lnc-AGTPBP1-4:1	6.691519	6.0670485	5.9911337	5.1182714	5.497613	5.6549144
incR63	lnc-AHDC1-3:1	1.8005745	2.2268531	2.1041794	1.1568253	1.472798	1.2179153
incR64	lnc-AHSG-1:1	3.448707	3.3175068	4.0280595	1.9652097	2.8892434	2.2716103
incR65	lnc-AKR1D1-4:1	6.7398386	6.4373803	6.3667126	6.210468	5.9729676	6.1087284
incR66	lnc-AL137003.1-2:1	3.888043	3.2127523	2.9129074	2.281421	2.0866663	2.2617168
incR67	lnc-AL137798.1-8:1	2.7784965	3.0063004	2.0962698	1.5248041	1.0534619	1.6380851
incR68	lnc-AL138831.1-1:1	4.410432	3.8012261	3.8808103	3.2058954	3.013894	3.4206555
incR69	lnc-AL354898.1-3:1	6.7378817	6.3480387	6.653685	6.3033113	5.474392	5.2190204
incR70	lnc-AL391421.1-11:1	1.571272	2.4139013	1.7661542	1.0817431	1.064661	1.0544851
incR71	lnc-AL445665.1-4:1	4.579995	4.933829	4.2322974	3.9682157	2.0152075	3.4742124
incR72	lnc-AL669831.1-1:11	3.927582	3.5787597	3.625895	2.2030666	2.8903975	2.8662767
incR73	lnc-ALKBH4-6:1	2.0998502	2.460948	1.9933702	1.5235858	1.0445257	1.0782557
incR74	lnc-AMD1-4:1	1.5988508	2.195124	2.034244	0.851617	0.82356125	0.8250542
incR75	lnc-AMZ2-8:1	4.595421	4.5983205	4.714522	3.9973557	3.2380714	3.1766846
incR76	lnc-ANAPC7-2:1	2.6564188	2.7695231	2.7521799	1.6476585	2.0331798	2.4827704
incR77	lnc-ANGEL1-5:1	3.5873873	3.7835512	3.5381098	3.4064577	2.9374063	3.0452003
incR78	lnc-ANKRD20A3-8:1	5.4058833	4.804278	4.8103776	4.5416284	3.8783739	4.24862
incR79	lnc-ANKRD42-1:1	3.2512045	3.4275403	3.6587863	3.0841367	2.5495934	2.5093637
incR80	lnc-ANKRD50-9:1	4.1846523	3.8429275	4.123674	3.54208	3.5781636	3.0575962
incR81	lnc-ANKRD56-6:1	4.6479473	4.622424	4.2184014	3.7152205	3.7788727	3.9819298
incR82	lnc-ANKS6-1:17	6.783819	6.8878355	6.699933	6.368041	6.474064	6.3356643
incR83	lnc-ANXA10-1:1	4.771926	6.114058	5.4173856	4.0349827	4.207627	4.087592
incR84	lnc-AP000525.1-6:1	4.4470577	4.448565	3.4757035	3.517778	1.7421145	2.8405924
incR85	lnc-APOL1-9:1	2.78698	2.112984	2.7613754	1.1288048	2.2001984	1.1455245
incR86	lnc-ARAP2-7:1	3.486409	2.9977577	3.136484	0.8415568	2.3958564	2.429337
incR87	lnc-ARHGAP10-4:1	3.157582	2.6860337	3.0609155	2.175837	0.8622275	1.2934197
incR88	lnc-ARHGAP44-2:1	9.200432	9.522557	8.99231	8.34766	8.935862	8.662666
incR89	lnc-ARL5C-1:2	3.0782335	3.0067172	3.8740754	2.1208687	2.9064023	2.218781
incR90	lnc-ARPP19-1:1	4.9166875	5.429836	4.7752557	3.934405	4.3897514	3.5885682
incR91	lnc-ARRDC5-4:1	3.7569382	4.145018	4.3789935	3.0312395	3.559434	3.6147778
incR92	lnc-ARSK-1:1	7.6032143	7.6081424	7.625468	7.277052	7.2572618	7.0862603
incR93	lnc-ASAP2-1:1	1.9586631	2.4933615	2.6880095	2.107955	1.1539782	1.0851235
incR94	lnc-ASAP2-2:4	3.221232	3.3645241	2.6397843	2.2566605	1.5071058	2.0495298
incR95	lnc-ASB3-6:1	3.1641273	1.8133855	2.5681162	1.0247483	1.026902	1.0345914
incR96	lnc-ASF1A-6:1	4.0260735	4.01728	2.7265482	2.06104	1.9310375	2.9729805
incR97	lnc-ATP10D-2:1	5.539082	5.3741207	4.9786916	4.5989776	4.877021	4.8362937
incR98	lnc-ATP1A1OS-1:1	3.2655983	2.9922903	3.0938804	1.4015625	2.2411602	2.7847161
incR99	lnc-ATP2A2-1:1	6.797302	6.5551624	6.6449895	6.047961	6.3947535	6.3751893
incR100	lnc-ATP5E-1:1	2.557242	1.9853098	2.9133337	0.88661087	1.8639832	1.3246725
incR101	lnc-ATP6AP1L-3:1	3.911212	3.5342686	3.7052004	2.9224017	2.8293576	3.5180118
incR102	lnc-B4GALT1-2:1	2.1426578	2.2837539	1.6770557	1.6198324	1.5721719	1.592009
incR103	lnc-BACE2-1:1	4.331951	4.234471	4.574977	3.9245365	3.9701803	3.9906101
incR104	lnc-BAI2-4:1	6.004696	5.784726	5.876925	5.607067	5.2244754	5.4397163
incR105	lnc-BASP1-13:1	5.8983374	6.1092243	5.8216286	5.7556252	5.3040833	5.4162793
incR106	lnc-BDH1-8:1	9.446741	9.468489	9.602711	9.103018	9.113929	9.122501
incR107	lnc-BDH2-3:1	4.145789	2.40904	2.4895704	2.0784273	0.90924037	1.4753108
incR108	lnc-BID-3:1	4.6409516	4.099234	4.859614	3.6234884	4.12304	3.8380804
incR109	lnc-BIN1-8:1	2.851247	2.704971	2.430531	0.90489703	1.2777236	2.1647818
incR110	lnc-BOD1L-7:1	5.9323926	6.0289145	6.195565	5.8895392	5.552738	5.472012
incR111	lnc-BOLL-5:1	3.7299533	4.276908	3.31322	3.0242288	2.5746243	3.0508258
incR112	lnc-BPHL-3:1	4.309777	4.1863465	4.720894	4.139485	3.7933428	3.8622787
incR113	lnc-BPHL-4:2	2.3223753	3.6259546	3.118976	2.355202	1.7949069	1.5398467
incR114	lnc-BRI3BP-6:1	4.812787	4.754961	4.559253	4.1890044	4.3613844	4.276843
incR115	lnc-BUB1B-4:1	2.6678116	2.549031	2.9543514	0.9376031	1.9805673	2.275229
incR116	lnc-C10orf28-2:1	2.4795434	2.2176473	2.2427125	1.7185705	1.4387442	1.3129516
incR117	lnc-C10orf68-3:1	2.941538	3.1364384	2.5739944	0.8194705	1.075507	1.4543062
incR118	lnc-C10orf85-7:1	4.970751	4.885056	5.010875	4.0577407	4.4128404	3.8816035
incR119	lnc-C11orf44-14:1	4.6435614	4.1008615	3.8301945	3.2966106	3.3438773	3.4269333
incR120	lnc-C11orf58-5:1	3.8493516	3.1199615	3.7341795	2.5025048	2.6174326	1.4656932
incR121	lnc-C12orf42-4:1	2.9597664	2.465115	2.9305983	1.5281819	1.5809221	2.406889
incR122	lnc-C12orf49-2:1	2.549454	2.3842783	2.3511348	2.2273002	1.7059171	1.8193452
incR123	lnc-C14orf105-3:1	2.6638148	1.771869	2.382143	1.9197851	1.206491	0.8464256
incR124	lnc-C15orf29-2:1	1.9581162	1.6539617	1.8396575	0.79743207	0.8397222	1.4817622
incR125	lnc-C15orf54-4:1	5.0587783	5.0199785	6.1586204	4.724121	4.460301	4.254162
incR126	lnc-C16orf72-7:1	2.2633107	2.0432546	1.3497577	1.0056247	1.0067786	0.9694127
incR127	lnc-C16orf95.1-2:5	2.1195366	2.7024436	1.8746499	1.6027831	0.956962	0.9643112
incR128	lnc-C17orf104-2:3	4.6919985	4.40751	4.5230265	4.1726627	3.8325365	4.102896
incR129	lnc-C19orf21-3:3	11.582855	11.262197	11.212858	10.987556	10.825476	10.812576
incR130	lnc-C1orf101-1:1	2.468935	1.2891873	2.0093632	0.96723115	0.9800596	1.0760398
incR131	lnc-C1orf96-5:1	2.6959295	2.9901943	2.9082532	2.29853	1.349506	0.8774367
incR132	lnc-C22orf46-1:1	3.312015	3.6285114	3.924456	3.090738	2.524147	2.7030365
incR133	lnc-C3orf24-1:1	4.130664	4.2410994	3.732837	3.7024918	3.5149243	3.5184007
incR134	lnc-C3orf49-3:3	2.546442	1.8663309	2.074837	1.3422425	1.1383232	1.2023108
incR135	lnc-C3orf72-7:1	5.4731417	5.4346523	5.2822514	5.2242904	4.65912	4.7967467
incR136	lnc-C5orf22-2:1	5.1738987	5.472811	5.686262	4.8214097	4.753982	5.0611486
incR137	lnc-C6orf195-8:1	5.0433292	5.395199	5.2525682	4.819728	4.698117	4.7810655
incR138	lnc-C6orf228-3:1	3.0099938	3.4705417	2.8350914	2.6098988	2.5912712	2.7053494
incR139	lnc-C8B-2:1	6.478588	6.227177	6.063635	5.60794	5.698063	5.7550077
incR140	lnc-C8orf34-2:1	3.2814672	2.2927642	3.3386936	2.295992	1.0481315	1.0590181
incR141	lnc-C8orf74-5:1	2.0702512	2.8421457	2.552322	1.1545506	1.3824768	0.91605276
incR142	lnc-C9orf156-1:1	3.6992955	2.955512	3.3098464	1.8447504	2.7207236	2.2660246
incR143	lnc-C9orf68-5:1	4.3398957	5.028768	4.6218896	4.0014453	3.098755	3.2934847
incR144	lnc-C9orf78-3:1	5.015508	4.5779805	4.2272305	3.9260938	3.8157253	3.2558122
incR145	lnc-CA12-1:1	5.066202	4.611801	4.8192964	4.175808	4.3426056	4.51707
incR146	lnc-CA8-13:3	6.6864896	6.4692764	6.2387395	5.840781	5.9007187	6.1624565
incR147	lnc-CADM1-1:1	2.4236944	1.8583803	2.706255	1.8803906	0.930974	1.218257
incR148	lnc-CADM1-11:1	3.1090107	2.696242	2.745491	0.87493706	2.4899902	1.4559946
incR149	lnc-CAMP-1:1	5.452016	5.716249	5.602617	5.103915	4.86041	5.2792106
incR150	lnc-CAPN12-2:2	4.2672114	3.8458903	4.1885834	3.338666	3.794827	3.529222
incR151	lnc-CAST-1:1	7.0774693	6.511183	5.6040144	5.6155825	4.9427123	4.6201534
incR152	lnc-CAST-5:1	6.3278284	6.338336	6.09048	5.4895167	5.3219233	5.841821
incR153	lnc-CBWD3-1:1	2.1049504	3.0694726	2.593758	0.9152352	1.266963	0.8592704
incR154	lnc-CCDC37-3:1	6.4051075	6.342712	6.8056164	5.937913	5.896612	5.5720663
incR155	lnc-CCDC54-11:1	4.6603036	3.96775	4.78487	3.6896734	3.8006213	3.1754594
incR156	lnc-CCDC84-2:5	4.1657186	3.0116627	3.4161475	2.0041914	1.796065	2.8941603
incR157	lnc-CCDC85A-7:1	3.267808	3.2360024	3.5238044	2.9857588	2.5725589	2.7150164
incR158	lnc-CCDC88C-1:1	3.4394894	3.3493943	3.6475785	2.651142	2.7196393	2.7160249
incR159	lnc-CCK-6:1	5.187468	4.405134	4.595953	4.339799	4.018326	3.9855595
incR160	lnc-CCRL1-4:1	4.0935717	3.779337	3.1372838	2.8918402	2.5815675	2.5920978
incR161	lnc-CCT5-20:1	3.9715197	4.301652	4.1661363	3.5514576	3.555735	3.6012042
incR162	lnc-CCT5-21:1	3.4341497	2.8035116	2.510213	1.0494719	1.4289818	1.7770134
incR163	lnc-CD200-1:3	2.4674363	2.7996373	2.904565	0.84433496	1.1489801	1.1740099
incR164	lnc-CD38-6:1	3.5986814	4.104582	3.4699292	2.9329586	2.2116303	1.4946669
incR165	lnc-CD47-4:1	6.9646993	6.383444	6.286172	6.0027575	6.0203643	5.938696
incR166	lnc-CD47-8:1	6.8254986	6.8090067	6.264147	6.0770845	6.173302	6.1233087
incR167	lnc-CD83-3:1	4.833299	1.8017547	3.7156656	1.5112531	1.3266332	1.3831304
incR168	lnc-CD83-3:8	3.9919257	2.5965157	4.7546144	2.1080112	1.6848052	0.85692203
incR169	lnc-CD9-1:1	4.7322536	4.841877	4.632446	4.472383	3.6479962	3.854202
incR170	lnc-CDH8-8:1	4.4916797	4.2943335	4.5204983	4.2420616	4.082344	3.7527678
incR171	lnc-CELF2-5:1	3.2414541	2.459813	2.8791533	1.94281	1.4933292	1.0361183
incR172	lnc-CGRRF1-3:1	3.0580013	2.399303	2.2424486	0.832246	0.85668725	1.1939169
incR173	lnc-CHM-3:1	3.0057564	2.922742	2.9163554	2.0522466	0.96724844	2.272072
incR174	lnc-CHMP1A-2:1	3.1944191	3.4729836	3.2505703	1.1024191	2.606233	2.649847
incR175	lnc-CHURC1-2:1	3.5230248	3.2679849	3.6267076	2.456758	2.3366883	3.2719955
incR176	lnc-CLDN12-2:1	3.8553605	3.3760464	3.467133	3.2632911	2.50738	2.5593805
incR177	lnc-CLDN15-1:1	3.4453945	3.672914	2.847217	2.4448817	2.573966	2.7131343
incR178	lnc-CLEC2L-4:1	2.5095582	2.3413131	1.797229	1.8191087	1.0329434	1.2666168
incR179	lnc-CLEC3A-2:1	4.19279	4.0000234	3.910087	3.6276605	3.3031306	3.4764051
incR180	lnc-CLEC3A-4:1	4.450424	4.4133625	4.6389313	4.142271	4.248008	3.8497267
incR181	lnc-CMTM4-5:1	5.659649	5.725892	6.0552464	5.456284	5.388376	5.36265
incR182	lnc-CNIH-3:1	4.4048285	5.202558	4.05499	3.8685803	3.6309872	3.2712684
incR183	lnc-CNOT6-7:1	5.7268333	5.714846	5.7044487	5.4658756	5.304349	5.094946
incR184	lnc-CNOT8-4:1	3.6862679	4.1543303	3.9966197	3.1877959	3.2744534	2.2760696
incR185	lnc-COL10A1-1:1	5.015561	5.1137133	5.1424108	4.7851276	4.7976456	4.483244
incR186	lnc-COX10-8:1	4.487404	5.1118803	4.7522483	4.241437	4.037906	4.2983394
incR187	lnc-COX19-4:1	2.6029716	2.0781374	1.9838562	1.5917541	1.3847432	1.0235624
incR188	lnc-COX7A2L-3:1	1.5167066	2.6604338	1.8796927	0.8499683	0.8167644	0.82657063
incR189	lnc-COX7B2-1:1	7.1313357	6.23678	5.7544093	4.806883	5.037584	5.3630357
incR190	lnc-CPEB2-1:1	1.6669247	1.592009	2.1734984	1.1040571	1.0603803	1.0578413
incR191	lnc-CR1L-3:3	2.8287325	2.8037403	2.8023517	1.600626	1.9604774	2.3290188
incR192	lnc-CRABP2-1:1	1.900001	2.755245	1.5257002	0.9545357	0.8602139	0.8409957
incR193	lnc-CREB5-2:2	1.3679065	2.165977	2.197617	0.84158313	0.83917	0.84318227
incR194	lnc-CREM-5:1	3.4057093	3.279711	3.4361608	2.6428668	2.593378	2.1674826
incR195	lnc-CRIM1-1:2	2.579565	2.5011215	2.1226492	1.0566049	1.2199836	1.0884634
incR196	lnc-CSMD1-14:1	3.9768066	4.2387137	4.0411696	3.741665	3.6681077	3.6781595
incR197	lnc-CT47A1-3:1	7.2635627	7.189135	7.457288	7.1601343	6.7132406	6.541807
incR198	lnc-CTNNA1-4:1	3.6452894	3.8895476	3.818347	3.067202	3.0665615	2.597837
incR199	lnc-CTTNBP2-6:1	1.8449655	2.828341	1.5314636	0.82279336	0.86406296	0.85368925
incR200	lnc-CXorf36-6:1	6.7512617	6.8737297	6.9311347	6.5725045	6.0121703	6.390765
incR201	lnc-CYFIP1-3:3	2.7275133	2.5221095	2.9551373	1.1482003	1.1315495	1.0543119
incR202	lnc-CYP2C18-1:1	3.806874	3.3191655	3.2766297	2.6049643	0.9790819	1.3226664
incR203	lnc-CYP4F22-1:1	2.8991249	3.2635875	3.1029103	2.032074	2.3290896	2.8723526
incR204	lnc-CYSLTR1-1:1	3.5799954	4.210308	3.947095	3.143805	2.7139802	3.55871
incR205	lnc-DAZ2-11:1	2.5634394	3.0420449	1.6630281	1.5006884	0.9555857	1.0789101
incR206	lnc-DCAF8L1-3:1	1.714386	2.8532608	1.5072452	0.81880623	0.7933325	1.2114873
incR207	lnc-DCDC1-5:1	5.0661507	5.200026	4.315989	4.4328303	3.8211625	3.6784525
incR208	lnc-DCUN1D5-4:1	4.3130255	3.8622787	3.3253744	3.0912366	3.0330513	2.7213159
incR209	lnc-DDHD1-4:1	3.4154868	3.6539004	3.6427362	2.8705218	2.9298482	2.4844627
incR210	lnc-DDX18-7:1	2.53826	2.2708077	1.3757398	0.8291533	0.83294713	0.84247774
incR211	lnc-DEFB105A-5:1	2.240882	3.1928186	3.5224504	2.400042	1.1472309	1.4777638
incR212	lnc-DEPDC4-2:8	5.119406	4.925997	4.8263807	4.4992385	4.1531754	4.510165
incR213	lnc-DET1-4:1	1.8396575	1.9260652	1.5086714	1.0360836	1.269334	0.9973619
incR214	lnc-DHCR24-4:1	3.5490866	3.3859293	3.239648	2.03904	1.9171104	2.4910579
incR215	lnc-DHRS4L2-1:1	3.8046718	2.5853822	3.4614432	2.1742883	2.548144	2.1633413
incR216	lnc-DHX38-17:1	3.7999582	4.808307	4.860189	3.6820617	2.8464208	3.2856367
incR217	lnc-DHX38-8:1	7.3959928	7.0069504	7.088346	6.5201397	6.447523	6.3915043
incR218	lnc-DHX9-3:1	3.0209973	1.9040464	2.1689866	1.6192837	1.15023	1.1164556
incR219	lnc-DHX9-4:1	4.2498198	4.206978	3.538618	3.025415	3.0280836	3.1967046
incR220	lnc-DIRAS2-16:1	4.551125	5.5697165	6.14357	4.3377576	4.0821586	4.287414
incR221	lnc-DKK1-3:1	3.6978934	3.6924038	3.5452685	1.5439377	2.2162337	1.1794513
incR222	lnc-DKKL1-1:1	2.4571216	2.3583965	2.5429394	1.0372647	1.680555	2.0728307
incR223	lnc-DLG5-3:1	1.6373093	1.2272308	1.6067092	0.81574994	0.8589685	0.8478522
incR224	lnc-DLX1-2:2	1.8917892	1.3065441	1.7910156	1.1044071	1.098056	1.0801797
incR225	lnc-DNAH10OS-2:1	4.2352686	4.1657186	4.2017317	3.06252	3.9672747	3.1568818
incR226	lnc-DNAH10OS-6:1	5.037816	5.1712484	4.6216345	4.5751805	4.3053637	4.220466
incR227	lnc-DNAH8-8:2	1.9363633	1.5127696	1.6224985	1.2866235	1.0509368	1.1746744
incR228	lnc-DONSON-1:1	6.086134	5.7972875	6.148112	5.568559	5.6217446	5.6734495
incR229	lnc-DRD5-1:1	4.9163523	4.9456596	4.963275	4.8088	4.057795	4.1933966
incR230	lnc-DSCR6-5:1	7.3899856	6.855024	7.23625	6.26268	6.4826407	6.6046467
incR231	lnc-DTNBP1-4:1	2.346133	2.052192	1.9629025	0.81756014	1.6589146	0.8016199
incR232	lnc-DUSP14-4:1	3.928747	3.6603203	3.821307	2.4396145	3.3133824	3.383708
incR233	lnc-DYDC1-10:1	4.4987383	4.8056507	4.7154965	4.4442186	3.9451752	4.297081
incR234	lnc-EBF3-16:1	1.8131686	1.8616418	1.6540458	1.6021951	0.85447687	0.8615375
incR235	lnc-ECE1-2:1	5.7295995	6.216725	6.010811	5.712952	4.710997	4.9218974
incR236	lnc-ECI2-3:1	11.419317	11.180346	11.242594	10.714918	10.847979	10.995429
incR237	lnc-EEA1-5:1	1.2846037	1.632842	0.9947679	0.824118	0.86982924	0.84144
incR238	lnc-EFCAB8-1:1	3.654655	3.6912458	3.9327207	3.3840673	3.4401689	3.2225058
incR239	lnc-EFHA2-3:1	4.231111	3.9424486	4.1949215	3.6702979	3.446321	3.5924413
incR240	lnc-EIF2A-4:1	5.797127	5.7661276	5.6863394	5.055206	3.4957378	4.4441547
incR241	lnc-EIF2AK3-5:2	5.249231	4.86153	4.6873064	4.3758593	4.3415933	4.6200533
incR242	lnc-EIF2B5-6:4	4.047356	3.782697	4.420816	2.021959	2.5732417	3.44338
incR243	lnc-EIF2C2-5:1	4.6793847	4.8025417	3.692501	3.4507523	3.753717	3.175669
incR244	lnc-EIF5-2:4	5.107693	5.557911	5.6373377	5.0295367	4.963535	4.9426622
incR245	lnc-ENPP1-7:2	5.484218	5.5257325	5.784914	5.3338966	5.0229096	5.041853
incR246	lnc-ENPP4-2:2	5.6598196	5.8584294	5.794815	5.19153	5.4278126	5.338909
incR247	lnc-EPAS1-3:8	3.9245706	3.8147635	3.547503	2.7291083	3.2892604	3.278005
incR248	lnc-EPB41L4A-2:1	7.39592	7.4051285	7.559346	7.036852	6.941615	6.899848
incR249	lnc-EPN1-7:1	4.04819	4.1253166	3.8536916	3.264569	3.3073153	2.4439688
incR250	lnc-ERAP1-1:1	1.7301676	2.098836	2.7882967	0.9978683	0.9381158	0.97115767
incR251	lnc-ERAP2-7:1	5.499636	5.5367975	5.8671002	5.1477623	5.0784225	5.085116
incR252	lnc-ERC2-3:1	5.5645514	4.6359234	5.144046	4.205617	4.1531005	4.1226935
incR253	lnc-ERICH1-9:6	3.4949002	3.0756803	3.2509902	2.7031944	1.9883779	2.6548765
incR254	lnc-ERMP1-4:1	3.9572024	4.0251913	3.6961544	3.487698	3.649918	3.0585494
incR255	lnc-ETV1-5:1	1.5560505	2.3334527	2.0327473	1.0943372	1.0588965	1.0915381
incR256	lnc-EXD2-7:1	2.5935702	1.9369209	2.9167593	1.8205606	0.95368916	1.6090267
incR257	lnc-EXT1-7:2	3.67907	3.899239	3.9402068	3.5700493	2.9386487	2.738427
incR258	lnc-FAM116A-1:1	3.1053245	1.6687036	1.7335402	1.039788	1.1243021	1.0951605
incR259	lnc-FAM117B-3:1	5.0635295	4.8846498	5.3154497	4.6014524	3.7919283	4.6886535
incR260	lnc-FAM123A-3:3	3.7014544	2.8031201	3.1499662	2.6377137	2.3113844	2.3995552
incR261	lnc-FAM125B-8:1	3.1181202	2.7566156	2.1072993	0.9728544	2.0186098	1.1284811
incR262	lnc-FAM126B-3:4	3.8292203	3.6198123	4.2171874	3.1780887	3.0273955	3.2950408
incR263	lnc-FAM151B-2:1	5.0947757	5.012246	4.5358334	4.15474	4.5737863	4.072428
incR264	lnc-FAM156B-4:1	7.7394147	7.505317	7.6928797	7.2855406	7.1726413	7.223363
incR265	lnc-FAM165B-2:1	3.1458058	2.66774	2.8703547	2.5098224	2.412578	2.5637302
incR266	lnc-FAM181B-5:1	2.924449	1.8466599	1.8374251	1.1039845	1.1240218	1.1466
incR267	lnc-FAM187B-2:1	2.3208282	2.2134974	1.8816452	0.8639067	1.0315384	1.3112329
incR268	lnc-FAM21C-1:1	2.2620995	1.9827552	3.1747	1.0278308	0.9863031	0.9931101
incR269	lnc-FAM70B-2:7	3.412669	3.6663573	3.5906034	1.8276993	2.3523238	3.051263
incR270	lnc-FAM75A5-3:1	1.8415759	3.0114236	2.4034467	0.8983471	0.89589	1.752024
incR271	lnc-FAM75D1-8:1	4.2649345	4.156877	4.0194936	3.8308125	3.507694	3.4563653
incR272	lnc-FAM9B-1:2	1.8905901	1.7765546	2.0584407	1.567107	1.5313333	1.0398406
incR273	lnc-FBLN1-3:1	5.548582	5.47753	5.0788846	4.320768	4.528005	4.7815814
incR274	lnc-FBXL7-8:1	2.4120402	2.1226492	2.2109742	1.0422233	2.0160744	1.0028362
incR275	lnc-FBXO30-2:1	4.237065	4.5851784	3.76098	3.322402	2.3484359	2.9920936
incR276	lnc-FBXO44-2:1	4.2084355	3.893271	4.018326	3.6492398	3.470584	3.7648098
incR277	lnc-FBXO45-1:1	7.325513	6.868651	7.0132627	6.691818	6.7968755	6.331507
incR278	lnc-FGF1-7:1	11.609926	11.381403	11.340834	10.923876	10.939354	11.106171
incR279	lnc-FILIP1L-2:1	5.3216105	5.331789	6.596841	4.7672615	4.7631135	3.949192
incR280	lnc-FNBP1L-4:1	1.9342949	1.3885651	1.88516	1.2825055	0.84914106	0.84999156
incR281	lnc-FOXA3-1:2	1.5055351	2.2670724	2.7798917	0.81455153	0.8053764	1.1889039
incR282	lnc-FOXC1-10:2	1.9102018	2.0740387	2.182394	0.86857903	0.845589	1.1959473
incR283	lnc-FSCN2-2:1	1.4921217	1.8532623	1.5674541	0.9196168	0.9114147	1.2917315
incR284	lnc-G3BP2-1:1	5.023443	5.087653	4.684363	4.4191346	4.2999735	4.5001087
incR285	lnc-GABPA-1:6	2.876255	2.1493697	2.2267447	1.0201308	0.9941257	1.345741
incR286	lnc-GADD45GIP1-2:1	3.7508616	3.471243	1.9860152	1.1773367	1.1496758	2.2121022
incR287	lnc-GALNT6-2:7	1.4561251	1.7332171	2.2325528	1.3247306	0.8850503	1.3176302
incR288	lnc-GAP43-9:1	5.8028274	5.865054	5.863419	5.242877	5.392453	5.6728034
incR289	lnc-GAPVD1-6:1	4.834518	4.3046923	3.8335094	2.4128482	2.9584508	3.0980396
incR290	lnc-GATAD1-6:1	2.526527	3.1539059	1.85758	1.7053318	0.8994305	0.8641603
incR291	lnc-GDPD5-3:1	4.0123277	4.06185	4.3150783	3.23072	3.8029478	3.5835495
incR292	lnc-GFI1-2:1	4.9752245	4.304758	3.8444414	3.5719447	3.333113	3.0407805
incR293	lnc-GJA4-1:1	4.119727	3.266346	3.7028754	2.7104409	2.9074116	3.0981739
incR294	lnc-GLRB-2:1	3.988483	4.2544346	4.4880733	3.7427738	2.8126593	3.6094873
incR295	lnc-GLT1D1-3:1	2.9753423	3.0669155	2.6074183	0.8940723	1.775222	1.7518294
incR296	lnc-GLTP-3:3	5.3181534	5.0261493	5.3630357	4.6469426	4.8057795	4.8941755
incR297	lnc-GNAT1-2:2	2.8227358	2.6990132	2.519503	2.2524676	1.4075288	1.2831949
incR298	lnc-GNAT3-4:1	2.9436502	1.9536271	2.1691823	0.8620113	1.5502532	1.0950896
incR299	lnc-GNAZ-2:1	2.2272806	2.6015303	1.7589334	0.92579734	0.8100389	1.8431976
incR300	lnc-GNG5P2-3:1	3.0574217	2.0140924	2.763393	1.1518272	1.1192675	1.1724056
incR301	lnc-GPR182-1:1	6.258525	6.1277747	5.9139867	5.7951264	5.372948	5.5907927
incR302	lnc-GPR25-1:1	2.5625703	2.9135773	3.2947454	2.0881984	2.4080255	1.5218279
incR303	lnc-GPR39-8:1	4.4478908	3.7999582	4.088521	3.0682476	3.0733488	3.113049
incR304	lnc-GRAMD2-4:1	3.4092395	3.2956448	2.6338875	2.0250525	1.1056538	1.9724445
incR305	lnc-GRHL1-2:3	5.8768544	5.4856687	5.289652	4.9778204	4.711584	5.023124
incR306	lnc-GS1-211B7.1.1-5:1	5.5341835	5.5357966	5.4668245	4.711816	4.885416	5.173286
incR307	lnc-GTF2B-2:4	3.2536006	2.9382572	3.019072	0.8530553	2.307106	1.7608681
incR308	lnc-H2AFJ-6:1	3.1818044	3.6327815	3.2443204	1.1207967	2.7576559	2.4348116
incR309	lnc-HIATL1-16:1	2.8294146	3.15311	2.9232936	2.5303214	1.4248177	1.0570276
incR310	lnc-HIF1A-2:3	4.4173446	3.6492825	3.0280836	2.1011395	2.5365927	2.1220598
incR311	lnc-HNRNPH1-1:1	2.702137	2.146397	2.3605886	0.86173636	1.9045328	1.2471589
incR312	lnc-HPS4-3:1	2.498651	2.6281419	3.2990987	0.94456065	0.9450532	1.6304215
incR313	lnc-HRASLS-8:2	5.8054514	4.8926687	5.331789	4.6782827	4.731334	4.5977297
incR314	lnc-HSD17B2-6:1	4.309519	4.604516	4.4174438	2.9866393	3.9822686	3.8566093
incR315	lnc-HSPA4-7:1	4.081385	3.3197696	3.7262723	2.8886418	3.1078758	2.619245
incR316	lnc-IAH1-2:1	3.4155278	3.0772383	4.1455135	1.5765662	1.0442605	1.0259728
incR317	lnc-IGFBP7-1:1	4.8848877	4.374605	4.6008735	3.3249826	3.159536	3.6455884
incR318	lnc-IKBIP-4:1	4.3758593	4.1445985	4.3594503	3.8480837	3.9922678	3.2055397
incR319	lnc-IKBKB-1:2	3.87327	3.9637902	4.788192	3.3587782	3.435264	3.4847107
incR320	lnc-INADL-2:1	3.5642197	3.0314398	2.3610811	1.8476207	1.6836612	1.7880654
incR321	lnc-INADL-6:1	5.7360816	5.0538273	4.2996883	4.2222767	3.76	3.738587
incR322	lnc-ING1-3:1	4.2627788	4.531673	3.903276	3.556714	3.2818158	3.6892169
incR323	lnc-ING3-1:1	2.4533224	2.7420118	3.0059893	2.2562258	1.7104987	1.3793137
incR324	lnc-INTS2-4:3	3.659715	3.4328794	3.6671872	2.3697474	3.0620248	2.7353816
incR325	lnc-IQCA1-3:1	2.5408764	2.8234773	3.1005056	1.8086622	2.1704307	1.6400378
incR326	lnc-IQSEC1-2:1	4.8542786	4.653944	4.6769	4.2088203	4.2116485	4.1989093
incR327	lnc-IRG1-4:1	2.3098514	2.218781	3.1932578	0.86218405	1.0661575	1.5897672
incR328	lnc-ISL2-1:1	6.049143	5.821881	6.0792613	5.650399	5.4096603	5.6735764
incR329	lnc-ITGB3BP-12:1	2.1491194	1.8739071	1.728796	1.3291156	1.1539416	1.1153085
incR330	lnc-ITIH2-6:1	7.6741424	7.050116	7.257999	6.6620097	6.760976	6.7722683
incR331	lnc-ITK-4:1	3.1510837	2.2694657	2.7196393	1.9718026	0.9524082	0.87255526
incR332	lnc-ITK-7:1	8.764821	8.474568	8.450865	8.355604	8.009989	8.090533
incR333	lnc-ITPK1-2:1	3.9392624	3.6468415	3.2899985	2.4450347	3.0940113	2.4815593
incR334	lnc-ITPR3-3:1	4.0555897	4.1896253	4.1056414	3.5668716	3.7998595	3.6683068
incR335	lnc-IZUMO2-1:1	3.0129104	2.8493981	3.9649456	2.284404	2.304411	1.9177864
incR336	lnc-JAK1-5:1	3.0805764	3.0582495	2.960339	1.8106167	1.882792	2.5615532
incR337	lnc-KANK3-3:1	1.2642273	1.7821722	1.435914	0.91959	0.91091144	0.94762546
incR338	lnc-KANK4-1:1	5.959595	5.4802036	4.838532	4.766696	4.143326	4.2412124
incR339	lnc-KATNAL1-8:1	4.388255	4.3283515	4.077506	3.8250983	3.6558032	3.424128
incR340	lnc-KB-1448A5.1.1-3:1	2.0847063	1.4011011	1.4286834	1.1016355	1.0928602	1.079385
incR341	lnc-KB-1980E6.3.1-9:1	3.532089	3.0479083	2.7445352	1.2692027	1.1398175	2.1461365
incR342	lnc-KCNA3-2:1	4.28924	4.1638126	4.272799	3.6520383	3.8898273	3.878055
incR343	lnc-KCNB2-4:1	4.0491805	4.396918	3.333895	3.0270565	3.3369465	2.2751822
incR344	lnc-KCTD4-1:1	7.502748	7.441039	7.9227433	7.3153996	7.243288	6.932442
incR345	lnc-KCTD9-3:1	2.533233	2.5361314	1.5927864	1.0652581	1.0320938	1.0107257
incR346	lnc-KDM1B-4:1	3.0660489	3.3311443	2.890841	1.7859151	2.5286255	1.2958364
incR347	lnc-KIAA0317-1:1	3.9050462	4.0682297	3.9352248	3.754048	3.4602413	3.3249292
incR348	lnc-KIAA0528-4:1	3.0463417	1.5049524	2.5854795	0.8331488	0.9030258	0.8191023
incR349	lnc-KIAA0754-3:1	6.0938883	5.727133	5.351665	5.2064233	5.2994375	5.0322433
incR350	lnc-KIAA1429-4:1	4.2603655	4.238111	3.9827485	3.8024404	3.263391	2.5219836
incR351	lnc-KIAA1462-9:1	3.8937962	3.984802	3.411273	3.1309369	2.1751208	2.6201656
incR352	lnc-KIAA1919-1:4	3.4314537	3.7902691	3.7044785	2.9645705	3.208386	2.1755166
incR353	lnc-KLHDC5-5:2	3.5919604	3.513354	3.0205321	2.3255625	2.3382852	3.1032195
incR354	lnc-KLHL13-2:1	1.6377296	2.8590498	1.8769801	0.9483139	0.8897839	1.0448881
incR355	lnc-KLHL25-18:1	1.9921539	2.1405063	2.4127808	1.510547	1.1300302	1.7596619
incR356	lnc-KPRP-1:1	3.4288354	3.6847625	2.8212662	1.8181193	1.903752	2.6589222
incR357	lnc-KRTAP10-5-1:1	3.3952527	3.1263304	3.225671	2.4677	2.0860975	2.6726058
incR358	lnc-LDLRAD1-1:1	3.5718298	3.777318	4.4472103	3.0974436	3.3204322	3.0709026
incR359	lnc-LEF1-7:1	3.795669	3.333465	2.7773125	2.0183892	2.6853347	1.2815976
incR360	lnc-LETM2-4:1	5.133225	5.374046	5.635393	5.0056334	4.9095073	5.000487
incR361	lnc-LHX2-2:1	2.5831294	1.8413587	1.9771616	1.7642893	0.9198349	0.92887384
incR362	lnc-LINC00529-2:1	7.7991924	7.5115395	7.6210494	7.0955777	6.4348407	6.884369
incR363	lnc-LPAR6-2:1	2.6717887	1.761373	2.6352606	1.1982814	1.1384615	1.0976021
incR364	lnc-LPHN3-10:1	5.67961	5.4824967	5.3999915	4.867072	5.3311543	4.9175344
incR365	lnc-LPHN3-9:1	5.7544775	5.091727	4.344957	4.108561	4.0150833	4.138262
incR366	lnc-LRFN5-2:2	4.794503	4.6115103	4.6523824	4.0087113	4.2307224	4.191774
incR367	lnc-LRGUK-4:1	4.6242123	4.50265	3.6338797	3.6166015	2.4816546	2.2947326
incR368	lnc-LRMP-5:5	2.9394288	3.481682	3.7419746	1.80891	2.8487182	2.3445756
incR369	lnc-LRRC3C-2:1	4.851072	5.0061083	4.9010444	4.28328	4.2227774	4.6908603
incR370	lnc-LRRC8C-4:1	4.9037704	4.8772316	4.9634686	4.7970963	4.378904	4.344389
incR371	lnc-LRRC8C-5:1	1.1542722	2.0142202	1.7374676	0.938427	0.8928931	0.90644884
incR372	lnc-LSG1-4:1	2.7637064	2.3676815	2.6020494	0.85241973	1.2544171	1.2620301
incR373	lnc-LSM11-4:1	2.0100129	1.7681996	1.5052376	0.9473245	0.88943815	0.9310645
incR374	lnc-LSM5-3:1	3.7594562	3.7034779	3.490159	3.0066395	3.4794598	3.1914752
incR375	lnc-LVRN.1-3:1	2.8026364	1.7142347	2.2219677	1.7216184	0.8226422	1.0658144
incR376	lnc-LYPLAL1-7:1	4.2313175	4.7040567	4.2872376	3.6399531	3.6614037	3.9153461
incR377	lnc-LYSMD2-1:1	2.4666717	2.5803258	2.7364395	1.6623977	1.6243247	1.9112613
incR378	lnc-MAB21L3-2:1	5.427542	5.754443	6.0105257	4.859342	5.182406	5.0728993
incR379	lnc-MAP3K8-1:1	2.0254662	2.037907	1.8864214	1.466993	1.397866	1.7623621
incR380	lnc-MAP7D2-1:2	5.9806	5.8116603	5.899926	5.6728034	5.4162064	5.2659693
incR381	lnc-MBOAT2-9:1	2.9162946	3.088868	2.362964	1.1169062	1.0922991	1.5950887
incR382	lnc-MCCC1-2:1	4.0161085	3.4600942	3.684022	3.2806952	2.9747553	3.2609787
incR383	lnc-MEIS1-9:1	4.2560935	3.7553298	4.1644497	2.9069297	2.9076798	3.5294936
incR384	lnc-METTL2B-4:1	4.484013	4.8672075	5.034014	4.3954062	4.354261	4.3494725
incR385	lnc-METTL8-2:1	4.5202804	4.389096	4.5238943	4.1365266	4.317555	3.8159873
incR386	lnc-MEX3B-2:2	2.8144286	2.4379008	2.5255153	1.5381141	0.9918541	2.0435421
incR387	lnc-MFSD1-2:1	4.008187	4.0553465	3.7386143	3.205294	3.2871149	3.0693655
incR388	lnc-MFSD4-9:1	4.133955	4.3412867	4.2903137	3.3223186	4.0019846	3.382982
incR389	lnc-MFSD9-4:1	3.9310365	4.4189186	4.0340986	3.76507	3.6903958	3.4027703
incR390	lnc-MNX1-5:1	13.019265	12.687086	12.811026	12.345151	12.364962	12.490617
incR391	lnc-MOV10-1:1	3.098844	3.408956	2.5864584	0.988065	1.9247382	2.4958746
incR392	lnc-MPHOSPH8-9:2	4.9952445	4.855004	4.5312996	4.376442	4.365598	3.7931461
incR393	lnc-MRC2-2:1	5.206007	5.0608625	5.0417123	4.29637	4.913391	4.689972
incR394	lnc-MRPS27-10:3	4.3496675	4.543014	4.424636	3.9658906	3.9556103	3.9776483
incR395	lnc-MRPS28-2:1	3.5868545	3.1921248	3.596581	1.0150737	2.2420678	2.801333
incR396	lnc-MS4A5-3:3	4.1204453	2.8203466	3.7520256	2.9171991	2.4724855	2.3366883
incR397	lnc-MSRB2-2:1	3.526271	3.2761621	3.4744081	3.1452498	2.5641813	2.4812741
incR398	lnc-MTERFD2-3:11	3.636444	2.8015146	3.2184927	1.625919	1.3366216	1.358965
incR399	lnc-MTFR1-3:1	1.718973	2.1513822	2.1167085	1.0768048	1.0519685	1.4927696
incR400	lnc-MTR-1:5	3.6903572	4.4496603	3.790687	3.036702	3.4694521	2.9004097
incR401	lnc-MTRF1-4:1	4.3318553	4.6391125	4.189243	3.4944167	3.1420584	3.437584
incR402	lnc-MTRNR2L1-2:4	5.557989	5.8339186	5.3183026	5.182573	4.864226	5.033618
incR403	lnc-MUC13-3:1	4.027578	4.478237	4.895232	2.946317	3.7420588	3.8556342
incR404	lnc-MX1-4:4	4.8314238	4.0125885	4.9746065	3.6096227	2.782539	3.4656367
incR405	lnc-MYEOV-11:2	4.0482492	3.4257576	3.7562578	2.8193748	2.6460576	2.7732592
incR406	lnc-MYL12B-3:2	5.71457	5.47849	6.041093	5.197636	4.9950614	5.1165557
incR407	lnc-MYLIP-4:1	3.5532014	3.329726	3.5056856	2.6730518	2.9524539	3.108883
incR408	lnc-MYO18B-4:1	4.5301943	4.041631	3.5279489	2.7871003	3.4613318	3.171854
incR409	lnc-MYO6-10:1	5.989987	6.0802555	3.9523127	3.7870097	3.3635874	3.7679706
incR410	lnc-MYOF-2:1	1.4858116	2.1546094	2.0010967	0.8549317	1.1520387	0.8305122
incR411	lnc-MYOM2-2:1	4.032163	3.599169	3.791718	2.8022752	1.6241362	2.4647908
incR412	lnc-MYOM2-5:3	6.409609	5.5033407	6.247357	4.303649	5.0103416	4.784957
incR413	lnc-MYOZ2-3:1	3.6022515	3.728224	3.677495	1.8657081	1.7618186	2.7386239
incR414	lnc-NAALADL2-1:16	2.5544846	3.0713053	2.2250357	1.6522659	1.0540568	1.0863607
incR415	lnc-NARG2-5:1	4.2439	4.0361423	2.945189	2.405536	2.7730389	2.2728071
incR416	lnc-NAV1-1:3	2.2620134	2.3151722	2.478357	1.1697338	1.2483749	2.0333927
incR417	lnc-NAV1-4:1	2.9309473	2.380342	3.093308	1.126523	2.2914424	1.12189
incR418	lnc-NBPF9-4:1	5.0272613	4.7624226	4.544247	4.243351	4.2453246	4.3725867
incR419	lnc-NCAPH2-1:1	6.332362	6.4354906	6.0590463	5.636394	5.9642363	5.962732
incR420	lnc-NCK2-1:1	1.9442761	2.6321886	2.1672087	0.8005911	1.8816452	1.3293647
incR421	lnc-NDUFS6-14:1	3.011303	2.833653	3.593175	1.9237033	2.862991	1.761373
incR422	lnc-NEK3-1:16	5.768177	5.1445727	5.2159696	4.664721	4.8322735	4.8652315
incR423	lnc-NKX1-1-2:1	6.7723727	6.743532	6.8863564	6.466708	6.283791	6.328039
incR424	lnc-NKX2-8-3:1	1.180547	1.7416747	1.6232921	1.0677168	1.0348611	1.0151491
incR425	lnc-NKX3-2-3:1	2.9534519	2.806311	1.7765546	1.3405752	0.8155223	1.6082059
incR426	lnc-NRIP3-2:1	6.0849247	5.4739466	5.636394	5.1488357	4.7320886	3.998527
incR427	lnc-NSMCE2-2:1	2.9832137	3.5427632	4.8273997	1.135708	2.7844126	2.2055697
incR428	lnc-NT5C-1:1	2.9604127	2.8560221	2.5474508	1.8187279	1.726721	1.8476207
incR429	lnc-NUDT4-7:1	11.188293	11.108798	11.34866	11.050702	10.64313	10.501467
incR430	lnc-NUMA1-1:1	3.1184468	3.0591786	2.9295928	1.0967773	0.965632	1.7087737
incR431	lnc-NVL-7:1	3.9812267	3.8937962	4.1053643	2.125194	3.338666	2.664185
incR432	lnc-NXPH2-3:1	1.8460572	1.8355457	2.2351935	0.940999	0.9565635	1.16522
incR433	lnc-OBFC1-2:1	2.213033	2.8443055	2.7550328	0.976274	1.935533	2.1035104
incR434	lnc-ODZ4-6:1	4.588683	4.6255674	4.283869	3.9301758	4.019718	4.0555897
incR435	lnc-OIT3-2:1	4.0565724	4.751987	4.3087935	3.7639954	3.7539775	3.6380544
incR436	lnc-OIT3-2:1	4.322976	4.0834665	3.7141504	3.2112584	2.9217098	3.3395283
incR437	lnc-OPRL1-5:1	5.9151583	6.2648716	6.4069533	5.863419	5.751588	5.5847716
incR438	lnc-OR4C12-2:1	4.321349	4.765819	4.2018633	1.8289981	3.2576518	3.2349699
incR439	lnc-OR4F16-3:6	5.9146323	5.937765	5.74887	5.5045567	5.2317476	5.3030844
incR440	lnc-OR5H1-1:1	3.3111596	3.5336833	3.6941032	2.8495655	2.8742077	2.9022431
incR441	lnc-OTOA-1:1	3.9830658	4.343893	3.7038374	3.3430257	3.451993	3.011871
incR442	lnc-OTX2-7:1	2.9477663	3.1778388	3.2322087	2.5976932	2.6801207	2.521532
incR443	lnc-OXGR1-6:1	2.4801152	2.3793087	2.7347484	1.08899	1.5093898	1.5643835
incR444	lnc-PABPC1-3:1	6.465567	6.1576977	6.7257557	5.6645093	5.5226946	5.9679823
incR445	lnc-PACRG-3:1	1.4910228	1.8271494	2.323394	1.2696395	1.1607335	1.0835805
incR446	lnc-PAGE1-2:1	2.9747	3.4661098	3.0878036	2.4521239	2.5502946	1.1206393
incR447	lnc-PAH-3:1	1.3541845	1.8000323	1.4570035	1.0611656	1.0335068	1.2202872
incR448	lnc-PAICS-4:1	4.83561	4.7543583	4.485766	4.185048	4.130056	4.3688927
incR449	lnc-PARP1-4:1	2.4849267	2.1789064	1.9445585	1.1163678	1.0905424	1.0997454
incR450	lnc-PAWR-9:2	5.341796	5.778022	5.039611	4.9277143	4.603704	4.7273703
incR451	lnc-PCSK7-2:1	3.874203	3.4793024	2.6833055	1.5827131	1.0406452	2.2245078
incR452	lnc-PDCD4-5:1	6.0173497	5.792984	5.295586	4.547904	4.664419	4.835272
incR453	lnc-PDLIM3-6:3	4.468357	4.7693443	4.617311	4.479311	3.9952679	3.7512684
incR454	lnc-PDZD8-6:1	2.5149379	2.754432	2.7056317	1.9618957	0.8730642	1.9950407
incR455	lnc-PELI2-2:2	3.5171292	2.9377222	2.9144614	1.7488228	2.2513938	2.1108577
incR456	lnc-PER2-6:1	2.9321752	2.7403867	2.8765879	2.538322	1.7793065	2.064788
incR457	lnc-PEX19-3:1	4.138167	2.8156824	4.0754137	2.73965	2.4831452	2.6305513
incR458	lnc-PEX3-3:1	3.8536916	4.3821993	4.6191053	3.4870276	3.834611	2.8132563
incR459	lnc-PGAP1-2:1	4.159644	3.6687248	3.4827194	2.7814522	2.7379546	3.3169317
incR460	lnc-PHF14-1:13	3.428557	3.5150323	3.9309795	3.0481944	2.7642553	3.1481352
incR461	lnc-PHF20L1-6:1	2.6859124	2.0948982	1.7481892	1.6569103	1.3000126	1.4583873
incR462	lnc-PHF20L1-8:1	3.7811456	4.010417	3.1098514	2.7198238	1.4537895	2.552947
incR463	lnc-PHF6-1:1	3.1939688	2.473198	2.7822776	1.6818123	1.875616	1.8700427
incR464	lnc-PHOX2B-7:1	4.6208825	5.022381	4.9334016	4.256601	4.4714007	4.4036055
incR465	lnc-PIK3C3-13:1	7.2349787	7.5541945	7.4090433	7.1645484	6.751007	6.8072844
incR466	lnc-PIWIL4-1:1	1.7193036	2.053113	2.450062	1.7542976	1.3268543	1.2731537
incR467	lnc-PKDCC-1:1	3.9870024	4.1115165	4.3479204	3.7517087	3.7665217	3.0259826
incR468	lnc-PKLR-6:1	3.5792427	2.4000964	2.6280181	2.2237678	1.71409	1.6399355
incR469	lnc-PLCB4-3:1	4.644927	4.3815374	4.2314577	3.2983422	2.8786802	2.9074116
incR470	lnc-PLCE1-2:1	3.685342	3.828592	4.060022	2.49636	3.1580498	3.293883
incR471	lnc-PLDN-1:1	6.404507	6.3031106	6.379621	6.2450027	5.720092	5.958248
incR472	lnc-PLEKHA5-4:1	2.5737946	2.0873957	1.548651	1.0916216	1.2507162	1.0866228
incR473	lnc-PLEKHB2-4:1	3.135816	3.7940872	3.8446684	1.5361946	2.4990048	2.6847637
incR474	lnc-PLEKHF2-3:1	4.811467	4.507172	4.0012655	3.7680194	3.395636	3.641567
incR475	lnc-PLEKHO1-3:1	2.787722	2.767393	2.227861	1.0821509	2.0436063	1.6221256
incR476	lnc-PLK3-1:1	4.591267	4.3793535	4.6341653	4.2971234	4.021772	3.825639
incR477	lnc-PNMA2-2:4	4.5989776	4.2263947	4.277832	3.7368922	2.8459623	1.5748928
incR478	lnc-POC5-3:1	3.4505658	3.1300154	3.0042481	2.6852787	2.811119	2.3789575
incR479	lnc-POT1-3:1	1.9182575	1.795461	1.6555521	1.1084146	1.4396452	1.2407404
incR480	lnc-PPIE-4:1	2.1471786	1.769646	2.1422648	0.9802454	0.8455039	0.8322913
incR481	lnc-PPP4R2-9:1	4.7981367	4.3345237	3.7586248	3.4196527	3.4169195	3.474813
incR482	lnc-PPT1-1:1	1.976707	2.0133295	3.1671817	1.6546025	0.8472073	0.86161584
incR483	lnc-PQLC3-2:1	2.4206195	1.802536	1.7415967	1.1106108	1.079588	1.1145576
incR484	lnc-PRDM11-2:1	5.626492	5.0213823	5.543988	4.915716	4.9639626	4.774078
incR485	lnc-PRDM2-2:1	2.7611353	2.1078537	3.0858068	0.9288925	1.780409	0.9225962
incR486	lnc-PRKACG-6:1	3.6041322	4.04406	3.4817553	3.1432161	2.8296037	3.0776014
incR487	lnc-PRKAR1A-6:1	5.4638715	5.5155144	5.7288713	5.393142	4.9670005	4.7113113
incR488	lnc-PRPF39-3:1	2.7971044	2.5686903	2.091773	0.8077138	1.8656242	1.884549
incR489	lnc-PRR4-1:14	2.5735517	2.9328208	2.4514232	1.1066878	1.2103547	2.2032137
incR490	lnc-PRR4-1:7	5.494705	5.235883	4.6917567	4.3260856	4.0915895	4.0841513
incR491	lnc-PRR4-1:8	3.8200338	2.8064167	2.722343	2.0235589	1.5191973	2.1399808
incR492	lnc-PRRT4-3:2	5.487177	5.193788	5.0982924	4.9495287	4.6207495	4.585681
incR493	lnc-PSD3-1:4	7.645025	7.479188	7.6468472	6.9711633	7.0641656	7.054718
incR494	lnc-PSMD14-3:3	4.279295	4.1977983	3.448668	3.050748	2.8708332	3.6062236
incR495	lnc-PSMD6-1:1	2.5471618	1.7336965	2.2709932	0.8162483	1.3066458	0.80674404
incR496	lnc-PSMG1-4:4	3.8613796	3.477595	3.7127113	3.1193562	3.5044165	3.0658927
incR497	lnc-PSMG4-4:1	1.8984877	1.5516213	1.4590272	1.0993598	1.1600064	1.1676201
incR498	lnc-PTAFR-2:1	6.7978163	6.8747673	6.9713955	6.448597	6.3282576	6.0991364
incR499	lnc-PTH1R-1:1	5.056053	5.125969	5.2098026	4.9234076	4.2555785	4.678874
incR500	lnc-PTK2-4:1	4.161262	3.571692	4.1917415	2.865837	3.2942514	3.2702434
incR501	lnc-PTP4A1-2:1	3.0604744	3.1304867	3.2863317	0.9381158	2.190665	0.9131321
incR502	lnc-PTP4A1-8:1	6.169314	6.1695724	5.726154	5.7764273	5.1094465	5.2592707
incR503	lnc-PTPLB-2:1	3.1739368	3.4073212	3.9118593	2.3767233	1.943912	1.9617019
incR504	lnc-PTPLB-5:1	3.6062236	3.6961544	3.356213	2.7486916	3.0400116	3.2581084
incR505	lnc-PTPRT-3:1	4.7023883	4.3954062	4.9775195	4.340125	3.0027297	3.177046
incR506	lnc-PTPRZ1-12:1	6.5276937	6.852274	6.601719	6.4256783	6.115262	6.2397437
incR507	lnc-PUM1-3:1	2.9697144	1.9252245	2.0790033	1.5315644	1.5931106	1.1838369
incR508	lnc-PWWP2B-2:4	3.9648912	3.5948684	3.8327804	3.171854	2.9666903	3.0287392
incR509	lnc-PYDC2-5:1	4.024983	3.75093	2.98564	2.7838593	3.0387707	2.4116967
incR510	lnc-QKI-2:1	2.5425901	2.5497556	1.562927	1.3228538	1.1210752	1.1044446
incR511	lnc-QKI-2:5	2.885854	3.3199565	2.95525	2.3603814	1.7383251	2.2679586
incR512	lnc-RAB11A-2:1	5.3523664	5.466589	5.6753926	5.231999	4.997117	5.0103006
incR513	lnc-RAB28-5:1	7.6409836	7.6117477	7.706175	7.391281	7.1586995	7.220427
incR514	lnc-RAB33B-4:1	3.1198962	3.254473	3.0822203	2.2794108	2.4376233	2.4054232
incR515	lnc-RAD50-1:1	6.4369774	6.0194373	5.9610076	5.6042037	5.4243894	5.4899573
incR516	lnc-RAD51AP1-2:5	1.6226187	1.062653	1.4807879	0.93474084	0.98067105	0.9251562
incR517	lnc-RALB-6:1	9.304065	9.222533	9.197652	6.469047	7.3574314	8.787119
incR518	lnc-RASGEF1B-1:2	2.4077957	2.6608546	2.6712217	1.0155542	2.1753013	0.9811418
incR519	lnc-RAVER2-3:1	4.78841	4.3347096	5.126315	4.158707	3.5449705	2.3882492
incR520	lnc-RBL2-2:1	3.078115	3.2556224	3.4262712	2.2723093	2.9369648	2.8750246
incR521	lnc-RBM11-1:1	2.5687723	1.3060793	2.7756512	0.8962347	0.9885633	0.9530412
incR522	lnc-RBMS1-9:1	1.9961845	2.237961	2.1460357	1.8037457	0.98516864	0.94116426
incR523	lnc-RBMX2-3:1	2.3592558	2.0200856	1.9246616	1.8090817	1.3047572	1.6285125
incR524	lnc-RCN1-2:1	3.083369	3.2704897	2.7767434	2.5117006	1.7836215	2.319511
incR525	lnc-REP15-1:1	3.5589757	3.6606822	3.4873366	2.588408	3.2713618	3.206397
incR526	lnc-RERGL-3:1	3.1443021	3.3782787	3.1891806	2.5995774	2.5660746	2.1172757
incR527	lnc-RFWD2-4:1	2.972406	2.6011384	3.1432161	2.5361314	2.1589887	1.5547488
incR528	lnc-RGAG1-3:1	4.549231	4.7723246	4.938291	3.453363	4.328724	4.2795877
incR529	lnc-RGMA-6:1	1.089832	1.7435738	1.5010715	0.85271645	0.8882225	0.86006945
incR530	lnc-RGS9-9:1	5.1911583	5.373658	5.0608625	5.042934	4.3693924	4.6733527
incR531	lnc-RHBG-1:1	2.435645	2.597837	2.9657068	0.97340363	2.103106	1.5649182
incR532	lnc-RNASE11-1:1	4.4761243	4.5993958	4.1995645	3.4568264	3.9800353	3.956094
incR533	lnc-RNF14-5:1	5.8593144	5.8038363	5.789258	4.9264703	5.466653	5.2772374
incR534	lnc-RNF146-1:1	5.466589	5.3100705	5.3586483	4.972309	4.9284773	4.8429174
incR535	lnc-RNF166-1:1	14.228101	13.85919	13.943185	13.592304	13.487043	13.547453
incR536	lnc-ROPN1L-4:1	4.4558854	4.5512094	4.3468275	3.5070333	4.1888237	3.8429275
incR537	lnc-RP11-116D17.1.1-6:1	3.1502166	2.6923957	3.2305758	1.1606321	1.4232482	2.662973
incR538	lnc-RP11-121M22.1.1-1:6	3.0445056	3.0941448	3.037612	2.4089813	2.242247	2.773721
incR539	lnc-RP11-15G16.1.1-3:1	3.2813067	3.1894066	2.856934	2.4985833	1.04516	2.016767
incR540	lnc-RP11-173D9.3.1-3:1	3.9837759	3.8300142	3.4022157	3.0026515	3.2279062	3.1612577
incR541	lnc-RP11-214N1.1.1-1:1	1.6684237	2.444978	1.8070345	0.9472276	1.0300866	0.93312144
incR542	lnc-RP11-324D17.2.1-3:1	6.398963	6.2101045	5.8777156	5.8223104	5.472395	5.7778015
incR543	lnc-RP11-350F16.2.1-10:1	3.8203382	4.773738	3.5783777	3.0923958	1.9413733	2.6248538
incR544	lnc-RP11-404P21.6.1-4:1	10.17645	9.940694	9.921295	9.466977	9.543085	9.521766
incR545	lnc-RP11-408E5.4.1-2:1	1.2749908	1.7374676	2.1314135	0.84816265	0.83168817	0.82246494
incR546	lnc-RP11-419C5.2.1-3:5	2.7814522	1.6322362	2.3540053	1.0943882	1.1264719	1.1376284
incR547	lnc-RP11-44L9.1.1-1:1	3.124265	3.713486	2.7567506	2.3256307	1.1643645	1.0304222
incR548	lnc-RP11-497E19.2.1-10:1	6.017762	5.8918223	6.0787587	5.1354876	4.8841968	5.205888
incR549	lnc-RP11-511B23.3.1-6:1	8.747483	8.553108	8.5274105	8.298626	8.181373	8.168663
incR550	lnc-RP11-716H6.1.1-1:1	2.8825917	1.9677048	1.5428561	0.95423466	1.0317711	0.96905583
incR551	lnc-RP3-377D14.1.1-10:1	4.147039	3.9891782	4.0405307	3.5763564	3.478907	3.8655477
incR552	lnc-RP9-1:1	4.569919	2.76077	3.1498618	2.001373	2.3496966	2.0234642
incR553	lnc-RPA3-6:1	5.014875	4.061741	4.2195773	3.6504905	3.8749783	3.1487892
incR554	lnc-RPL12-3:1	4.072916	3.7980413	4.138262	3.6787255	3.0746453	3.0747678
incR555	lnc-RPP14-2:1	7.510563	7.0485535	7.446175	6.8572693	6.8502617	6.531764
incR556	lnc-RREB1-7:1	3.4003158	2.6354606	2.7918396	1.5209607	2.4194376	1.2462037
incR557	lnc-RSL24D1-2:1	2.138467	2.4588935	1.5505849	1.689333	0.9118932	0.87037915
incR558	lnc-RSRC2-1:1	2.4736817	3.7529426	2.5145152	1.0150996	1.4401613	2.0640962
incR559	lnc-RUNX1-12:3	2.8852148	2.6489882	2.1678104	1.5802183	1.976707	1.8041404
incR560	lnc-RWDD3-4:1	8.776892	8.620411	8.355389	8.077678	8.214052	8.082531
incR561	lnc-SAMD5-2:2	2.4140441	2.3089054	2.461991	0.83573645	0.8055023	0.8102302
incR562	lnc-SAP30-19:1	2.8595483	5.4891195	4.115931	0.86998236	2.7055128	0.88704526
incR563	lnc-SAP30-20:1	2.401762	3.5377152	2.6985853	1.100443	1.1205018	1.1370407
incR564	lnc-SATB1-8:10	2.9772596	3.2975059	3.24236	2.4313319	2.159886	2.592727
incR565	lnc-SATB2-6:1	1.7983077	2.5209312	2.815757	1.1558139	1.1395514	1.1188014
incR566	lnc-SCN9A-3:1	2.0605214	1.6643665	1.4243609	0.8415902	0.83271015	1.3408059
incR567	lnc-SCRIB-1:1	7.0064006	6.859679	6.981885	6.476383	6.4515014	6.3861203
incR568	lnc-SCUBE3-2:1	2.3409207	2.51374	2.7899916	1.1539782	1.0070554	2.0055223
incR569	lnc-SDSL-7:1	3.0966487	2.502223	2.0950055	1.1482637	2.1761646	1.285061
incR570	lnc-SEC31B-3:1	2.2295446	2.0077221	2.628708	1.1001117	1.1251696	1.1433072
incR571	lnc-SEL1L3-1:3	1.4090936	2.1759732	1.5085512	0.89362586	0.8909737	0.8668827
incR572	lnc-SENP6-9:1	7.181772	6.990467	7.4242992	6.877507	6.765031	6.4799814
incR573	lnc-SGMS2-4:1	1.6623977	1.6253366	1.5804584	1.0973403	1.0981799	1.1205723
incR574	lnc-SH3BGRL2-6:1	4.666484	4.2997966	3.9095178	3.4315648	3.626241	3.0944831
incR575	lnc-SH3BGRL2-7:1	4.206322	4.646389	4.5588217	3.3038864	3.7997599	3.9760113
incR576	lnc-SLC11A2-4:1	5.7752304	5.6042495	5.8766565	5.5669856	4.7243013	5.047167
incR577	lnc-SLC16A7-2:1	2.6341248	3.289676	2.6707852	1.9243271	1.8113217	2.447382
incR578	lnc-SLC18A1-3:2	2.839038	2.6981435	2.7132792	0.90683377	1.2499892	0.9457072
incR579	lnc-SLC24A5-3:1	5.4511247	5.258334	6.506566	4.808732	4.8690615	4.482079
incR580	lnc-SLC25A21-4:1	3.1528826	3.707639	3.9965734	3.0160208	2.779725	3.0711927
incR581	lnc-SLC25A27-3:1	5.632449	6.3063197	5.7865534	5.276148	5.076598	5.42836
incR582	lnc-SLC30A10-10:1	3.6054146	3.333382	3.7138424	3.3135417	2.802729	2.24295
incR583	lnc-SLC30A5-3:1	3.1986277	3.2903557	3.0903919	2.3416238	2.2504697	1.2982242
incR584	lnc-SLC34A2-2:1	1.908779	2.381736	1.7285149	1.1084712	1.1156458	1.145987
incR585	lnc-SLC35F5-12:1	7.7780886	7.4668646	7.4512577	7.044652	7.08345	7.252538
incR586	lnc-SLC3A1-3:1	3.8155122	3.789505	3.040973	3.1215866	1.7238781	1.7423348
incR587	lnc-SLC45A4-3:2	2.0286272	2.5583904	1.602705	1.2016419	1.1521326	1.0698667
incR588	lnc-SLC47A1-5:2	6.000977	5.997389	6.1829042	5.871832	5.3847575	5.6719475
incR589	lnc-SLC48A1-4:1	9.850128	9.642231	9.549884	9.070663	9.060099	9.222355
incR590	lnc-SLC6A4-6:1	2.4000964	2.3632212	2.6030664	0.9726573	1.7725124	2.0507174
incR591	lnc-SLCO5A1-3:1	6.527386	6.680643	6.5676417	6.343624	5.8296185	5.7197485
incR592	lnc-SLMO1-1:3	2.6291006	2.9144115	3.140533	1.769135	0.8730844	2.2420678
incR593	lnc-SMARCAD1-3:1	4.598531	4.9230156	5.219138	4.2819185	4.3408055	4.225005
incR594	lnc-SMARCAL1-2:3	2.1329172	2.0536098	1.0102762	0.9104321	0.81328267	0.82726765
incR595	lnc-SMPD3-4:1	4.273789	4.6326346	4.739948	4.081658	4.2154303	4.136799
incR596	lnc-SMYD3-5:1	1.3261081	2.2908463	1.5122106	0.88279736	0.8848993	0.85963386
incR597	lnc-SNAP23-1:3	2.0790033	1.6129489	1.5142349	0.98984337	0.933415	0.96428365
incR598	lnc-SNAPC2-2:1	3.097496	3.1343033	2.7254896	2.1009743	2.6175604	2.4258285
incR599	lnc-SNX29P2-4:1	4.528658	4.6631746	4.7468204	4.236927	4.060093	4.3887477
incR600	lnc-SOCS4-1:1	3.0605843	1.9414324	3.338115	1.1533679	1.1320653	1.7050762
incR601	lnc-SOCS4-3:1	3.9468224	3.9268632	3.5453453	3.1972744	3.2129703	3.3481114
incR602	lnc-SORBS1-1:2	5.1874075	4.748212	4.6203995	3.9318323	4.1444216	3.9356723
incR603	lnc-SOX17-3:1	3.5216227	3.7309663	3.2662	2.7057302	3.2436924	2.779315
incR604	lnc-SOX9-3:1	5.9166217	5.800809	5.6987476	5.684115	5.1695495	5.1200266
incR605	lnc-SPOPL-13:1	8.589704	8.400408	8.561838	8.126103	7.9828453	8.241097
incR606	lnc-SPZ1-2:1	5.5299273	5.5979037	5.7434034	5.4116497	4.9218974	4.495883
incR607	lnc-SRF-4:1	2.8620872	3.2015386	2.7942877	1.2487762	2.517332	1.1359619
incR608	lnc-SS18L2-1:1	5.926257	5.682122	5.4800873	5.261141	4.9822664	5.1863003
incR609	lnc-SSTR2-5:1	11.73639	11.30651	11.582855	11.384363	10.802725	10.784979
incR610	lnc-SSTR4-18:1	9.979489	9.867166	9.745772	9.417015	9.298891	9.46978
incR611	lnc-ST8SIA4-9:1	6.658454	6.2105536	5.8712277	5.7391424	5.60547	5.4638715
incR612	lnc-STAC-3:1	1.6974647	1.0597304	1.2003243	0.81753904	0.83449453	0.8354517
incR613	lnc-STAT3-1:2	3.1914752	2.9776628	2.5209312	1.9218893	2.4837608	1.6188266
incR614	lnc-STAU1-5:1	1.5652494	1.6545619	2.1033723	1.0632107	1.1128494	1.1033043
incR615	lnc-STMN2-5:1	2.0506353	2.4540744	1.8973286	0.84207225	0.8847953	0.8436853
incR616	lnc-STOX2-2:1	3.6418962	3.7158294	2.8363829	2.4297404	2.5733626	2.4858105
incR617	lnc-STRADB-6:1	2.513032	1.4518638	2.0890172	1.5617492	0.84304017	1.0087762
incR618	lnc-STYK1-2:2	4.7518253	4.72603	5.254509	4.4601474	3.928235	4.3426743
incR619	lnc-SUDS3-1:1	3.2156858	3.274301	4.321659	1.0278721	2.0979474	2.0034528
incR620	lnc-SUN3-4:1	3.8482459	3.4637184	4.3525996	2.3769767	3.3656023	2.2749403
incR621	lnc-SYT2-2:1	4.10676	3.1521878	3.0815232	2.3789575	2.3639574	2.9076798
incR622	lnc-TBC1D30-1:1	2.6890166	2.0546985	1.6477399	0.8505413	0.8400198	0.95681494
incR623	lnc-TBC1D8-5:1	4.653944	4.344389	4.4368854	3.4459722	4.1143	4.0080547
incR624	lnc-TBX5-4:2	5.660981	5.2315187	5.879011	4.798382	5.161137	5.138869
incR625	lnc-TEAD4-5:1	6.6268377	6.3225718	6.410775	6.1978908	5.9236283	6.0601153
incR626	lnc-TEKT3-1:1	6.244129	6.14357	6.902491	4.7137733	5.4729657	5.4989247
incR627	lnc-TEKT4-2:1	9.460245	9.451164	9.599294	8.855997	9.19917	9.289272
incR628	lnc-TEX15-4:1	4.8413997	4.211084	3.7605245	3.3425064	2.383523	3.5096774
incR629	lnc-TFB2M-5:1	6.661201	6.704705	6.745741	6.5239973	5.7249036	6.1938777
incR630	lnc-TGFBR2-1:1	2.9459105	2.4721003	2.240882	2.149228	1.6221256	1.6257857
incR631	lnc-THSD4-6:1	5.2154207	5.3894095	5.172924	4.9601526	4.653483	4.595708
incR632	lnc-THUMPD3-11:1	3.883163	2.873881	3.2534816	2.4088378	1.836827	2.1163974
incR633	lnc-TLE3-4:1	10.354293	10.469964	10.547005	9.904871	9.964983	10.102245
incR634	lnc-TLX2-1:1	2.134147	2.0634158	2.4611235	1.9092371	1.2578342	1.6423393
incR635	lnc-TM9SF2-5:1	6.381058	6.1049557	5.905146	5.4166365	5.5419006	5.392453
incR636	lnc-TMCC1-3:1	4.6012797	4.481771	4.0408463	2.4114778	3.5421476	3.8365378
incR637	lnc-TMEM100-3:1	5.1165557	4.733852	4.580811	4.223803	4.0512023	4.370158
incR638	lnc-TMEM135-8:3	8.3045025	7.8975115	7.760169	7.3817167	7.5295124	7.202507
incR639	lnc-TMEM144-2:1	4.508694	5.026277	3.951563	3.2536006	3.751971	3.610377
incR640	lnc-TMEM14A-1:3	6.2131796	6.1973586	6.0583787	5.4160466	5.758211	5.8546143
incR641	lnc-TMEM163-3:1	3.039328	3.1589622	2.6518116	2.3545675	1.4088262	2.3196156
incR642	lnc-TMEM168-1:1	1.6536248	2.5378666	1.9258304	1.0518252	1.3588669	1.0432444
incR643	lnc-TMEM178-1:21	3.0758815	2.7636328	2.6584878	1.1143938	1.8545839	2.1533332
incR644	lnc-TMEM184C-1:1	4.996047	5.6300893	4.995751	4.502388	4.5971956	4.531724
incR645	lnc-TMEM194B-5:4	3.505403	2.868165	3.5208766	2.8520086	2.4744473	2.55647
incR646	lnc-TMEM50B-2:5	9.216415	9.152866	9.466424	9.04088	8.7251005	8.898553
incR647	lnc-TMEM71-3:5	10.022216	10.137526	9.601672	9.443931	8.99231	9.168637
incR648	lnc-TMEM71-3:6	5.88754	5.6509933	5.2696915	5.2489047	4.4318857	4.714283
incR649	lnc-TMEM86A-1:3	2.225936	2.9182782	2.7524476	1.350327	0.96935415	1.1439213
incR650	lnc-TMF1-3:2	3.1063962	2.381127	1.7701699	1.0191274	1.3967382	0.9831418
incR651	lnc-TMSB4X-8:1	3.3300514	3.0866363	2.5214794	1.5166129	2.5379128	1.279648
incR652	lnc-TNFSF18-5:1	3.2245657	3.4344492	2.0153072	1.168036	0.96066904	1.6454102
incR653	lnc-TNK2-8:1	2.500956	1.571602	2.2701046	0.91881365	0.97925174	1.2250268
incR654	lnc-TNRC6C-4:1	4.4001317	3.3150177	4.0420732	3.0926526	3.0717266	2.7025576
incR655	lnc-TP53RK-4:1	2.892847	3.393422	2.860875	2.6867397	1.6873322	2.265439
incR656	lnc-TPD52L1-1:1	2.9344637	3.5459826	3.1191301	2.082228	2.8825917	2.317968
incR657	lnc-TRAF3IP2-2:1	3.198956	2.519227	2.636372	0.8047862	0.8343961	1.5137122
incR658	lnc-TRIM59-3:1	5.727379	5.738228	5.4864197	5.0603147	4.8016386	5.2640967
incR659	lnc-TRIM71-3:9	3.815616	3.7006154	3.8558397	3.3002973	3.4329035	2.673866
incR660	lnc-TRPM5-1:1	2.888312	2.6253052	2.4241903	1.1157076	1.1034985	1.949283
incR661	lnc-TSC22D2-3:1	4.4641294	4.2367067	4.401963	3.7427175	2.4757054	3.6085675
incR662	lnc-TSN-8:1	2.662791	2.4585478	2.812222	1.2031736	2.1361458	1.209975
incR663	lnc-TSPY10-13:1	4.2732043	4.447971	3.9010193	3.406214	3.6842263	3.2035007
incR664	lnc-TSPYL6-4:1	4.9938407	4.821485	5.01277	4.2731304	4.2851033	4.8230543
incR665	lnc-TTC12-2:1	3.7520256	2.8344307	2.0011513	1.4295306	1.4330592	1.280592
incR666	lnc-TTC34-1:1	9.738876	9.674376	9.997104	9.1967745	9.4457	8.810664
incR667	lnc-TTC3-6:1	4.2054076	3.940802	4.633515	3.5437582	3.4437525	3.1774385
incR668	lnc-TTC37-4:3	2.5919433	2.6549335	3.5373785	1.7065877	0.87548167	1.4128644
incR669	lnc-TTC3-8:1	2.7206843	2.7359922	2.5744061	2.0171373	1.5159783	0.8294955
incR670	lnc-TTC5-1:1	1.7005521	1.3937798	1.5243447	1.0692818	1.0592446	1.0500183
incR671	lnc-TTI1-2:1	1.6227642	2.7478602	2.3988483	0.9129734	1.0100951	1.2249178
incR672	lnc-TUBB2B-4:1	1.6964643	1.8358849	1.5062654	0.94450694	0.99073696	0.99975336
incR673	lnc-TUBG2-2:1	4.1585426	3.8157957	3.622939	3.1172483	3.39805	3.143955
incR674	lnc-TXNDC2-1:1	3.8199105	3.2963965	2.0087242	2.1538737	1.3939612	1.1291068
incR675	lnc-U47924.19.1-5:2	8.802043	9.048027	8.801327	8.34536	7.283566	8.316533
incR676	lnc-UBE2E3-6:1	1.7502562	1.9314289	2.8511891	1.1009479	0.8827513	0.87578154
incR677	lnc-UFM1-11:1	2.128089	1.5613602	1.8229213	0.8295219	1.3225665	0.8369328
incR678	lnc-UGGT2-2:1	1.7513382	1.1925627	1.8224605	0.858599	0.8338245	0.83353996
incR679	lnc-UGT2A1-1:1	3.8336904	3.850444	4.113891	2.729533	1.8706204	2.472663
incR680	lnc-UHRF1BP1L-4:1	5.2623463	5.4293575	5.0627174	4.8219047	4.889147	4.485712
incR681	lnc-ULBP3-4:1	4.718676	5.121784	4.574691	4.166432	4.3403363	4.062149
incR682	lnc-USP25-7:1	4.4059677	4.0660467	4.249576	3.8590345	2.7000337	2.8977532
incR683	lnc-USP33-1:2	6.7120285	6.5775166	6.693729	6.553661	6.164418	6.077367
incR684	lnc-VCX3A-4:1	1.584807	1.541645	1.9480742	0.8282505	0.82918817	0.83948576
incR685	lnc-VIPR1-5:1	6.0092173	5.496391	4.964608	4.3386765	4.484996	4.095271
incR686	lnc-VIPR1-6:1	3.9443066	3.614839	3.6948316	2.4858105	3.393721	2.247455
incR687	lnc-VPS37A-5:2	5.384944	4.833226	5.165813	4.4021373	4.4777794	4.3502593
incR688	lnc-VSTM2B-9:3	3.8195786	4.1048574	3.8406026	3.3855984	3.4744706	3.1600776
incR689	lnc-WASL-1:2	6.127848	5.920585	6.5234756	5.5737505	5.6633105	5.7467113
incR690	lnc-WBSCR17-5:1	5.596685	4.652006	4.4977856	3.560622	4.2076783	4.138167
incR691	lnc-WDR67-3:1	6.8128805	7.364546	6.9872613	6.569673	6.355515	6.590625
incR692	lnc-WDR69-1:1	4.584088	4.266698	4.4415336	3.356607	4.0739317	3.930634
incR693	lnc-WDR70-5:1	3.6851518	3.0380309	3.7509925	3.1150699	2.4567895	2.8305886
incR694	lnc-WDR83OS-1:1	4.249042	4.136235	3.912421	3.743921	2.767799	3.2689552
incR695	lnc-WDR89-3:1	5.288579	5.019126	4.7879415	4.580524	4.555771	4.4677405
incR696	lnc-WHAMM-3:1	2.2153592	2.8876722	2.9412959	2.1220598	1.9158915	2.0714195
incR697	lnc-WLS-1:1	4.4972196	3.5561028	3.2209444	2.0495298	1.4484465	3.1055825
incR698	lnc-WRAP73-4:2	3.5562873	2.389297	4.517435	1.9682965	2.381127	1.5094639
incR699	lnc-WSB1-4:1	8.658573	8.39208	8.388693	8.169632	7.9448667	8.15952
incR700	lnc-XRRA1-1:5	3.4939888	3.4205441	2.6388106	2.1637769	2.3664384	2.3771088
incR701	lnc-XYLT2-2:1	7.2446084	7.192171	7.2806234	6.855686	6.7213655	6.9038754
incR702	lnc-YLPM1-1:4	4.759284	5.1180468	3.956615	3.9143152	3.7465918	3.732166
incR703	lnc-ZDHHC11-1:1	4.91521	4.5097446	4.5399857	4.207627	3.9760935	3.6739962
incR704	lnc-ZDHHC13-4:2	3.9201384	3.7661061	3.5801117	3.3109963	3.248421	3.3994765
incR705	lnc-ZDHHC13-6:1	7.602128	7.447766	7.417311	6.8878355	7.1519485	7.1812043
incR706	lnc-ZDHHC15-1:1	4.2349534	3.7631052	4.1316056	3.5370486	2.4834077	2.286976
incR707	lnc-ZEB2-14:1	3.4543505	3.4977007	2.757311	1.6640131	1.0372329	2.2640252
incR708	lnc-ZFAND3-4:1	2.8434532	2.9541845	3.0770125	1.6066397	2.7015595	2.0916595
incR709	lnc-ZFC3H1-8:2	5.1551914	5.157461	4.816159	4.581967	4.5121655	4.458708
incR710	lnc-ZMYND8-1:2	5.9615455	6.7797127	6.100648	5.611024	5.4484754	5.757882
incR711	lnc-ZNF100-8:1	3.3204322	2.882732	2.4391336	1.9642682	1.94643	2.467799
incR712	lnc-ZNF165-1:1	11.392688	11.26975	11.181423	10.978915	10.701142	10.800171
incR713	lnc-ZNF229-1:3	3.3139577	2.5706608	2.976559	2.478052	1.7906411	1.8608408
incR714	lnc-ZNF280B-3:1	5.633125	5.863002	5.361636	4.900003	4.11781	4.9255347
incR715	lnc-ZNF347-1:1	4.1727467	4.1044397	4.0305233	3.5412726	3.8694568	3.1311376
incR716	lnc-ZNF397-5:1	3.3577082	2.9622645	2.9990342	1.1521583	2.2374454	2.323655
incR717	lnc-ZNF415-4:8	4.416402	4.717272	4.9779906	4.4106693	4.164031	3.9105687
incR718	lnc-ZNF479-11:1	7.05004	6.3425303	6.390213	6.1183915	5.6419587	5.6058617
incR719	lnc-ZNF503-AS2-10:1	3.8125954	3.20359	4.0810356	2.3050182	2.993081	2.6464972
incR720	lnc-ZNF565-1:1	2.8804817	2.6397843	2.0466766	1.2900484	1.9290905	1.1891986
incR721	lnc-ZNF622-1:2	2.176845	2.4450753	2.6609104	1.7603854	1.0277568	0.97649616
incR722	lnc-ZNF652-1:1	7.136091	6.392515	6.657098	6.2620044	5.976859	6.1285954
incR723	lnc-ZNF674-2:4	4.0917535	4.234193	4.3354588	3.581682	4.024041	3.4986172
incR724	lnc-ZNF680-1:1	5.703923	5.342595	6.4632764	4.8722644	4.740081	4.6538353
incR725	lnc-ZNF687-3:1	3.66125	2.933967	3.4269059	2.1108577	2.9772596	1.8054731
incR726	lnc-ZNF704-8:1	3.0335524	3.165049	2.6678116	1.7555275	1.4710765	0.9830257
incR727	lnc-ZNF716-24:3	6.4420543	6.3371267	6.1443563	5.966501	6.042271	5.4644675
incR728	lnc-ZNF724P-1:6	5.373596	5.311121	5.238924	4.9964085	4.478115	4.819728
incR729	lnc-ZNF726-2:1	2.3668275	2.0614154	1.541808	0.90043646	1.4616921	0.8174859
incR730	lnc-ZNF727-1:1	3.7062497	3.9558978	3.4959311	1.2768908	2.914104	1.6613275
incR731	lnc-ZNF732-4:1	3.1462123	2.5912313	2.3048158	1.9139974	0.9895031	0.9942138
incR732	lnc-ZNF788-1:4	2.7755492	1.8507676	3.37434	0.8619507	1.460213	1.4399323
incR733	lnc-ZNF80-3:1	5.606469	5.916091	5.644018	4.7447877	4.3320155	4.1017237
incR734	lnc-ZNF80-4:10	6.1235175	6.463464	5.89092	5.444765	4.924381	4.923809
incR735	lnc-ZNF80-4:4	5.5995502	5.9520655	5.190388	5.0849304	4.910962	4.927544
incR736	lnc-ZNF85-1:1	4.218462	4.317555	4.4906316	3.947095	3.9402068	3.455773
incR737	lnc-ZNF99-1:1	3.6178572	3.293883	3.5512135	2.811842	2.5371308	2.890307
incR738	MIS18A-AS1:2	5.1003146	5.2793555	5.008881	4.7561812	4.022166	4.748212
incR739	PCDH9-AS2:3	5.134205	5.182573	4.736917	4.044805	4.1563997	4.3679576
incR740	PSMA3-AS1:25	5.0322433	5.122203	4.893835	4.733852	4.401561	4.5567417
incR741	PTOV1-AS2:6	2.1800447	1.975186	1.6354978	1.0369272	0.9920285	0.97954124
incR742	SLC8A1-AS1:33	5.896612	5.7050543	5.371865	4.4652348	4.9519615	5.2212143
incR743	STARD13-AS:18	4.6276503	4.39104	4.63992	3.5055754	3.8546886	3.4194334
incR744	TCF4-AS1:1	3.8514464	3.76	3.9022913	3.1816785	2.5536294	2.3165486
incR745	THRB-IT1:1	4.9150066	4.9655185	4.3865776	3.4432049	3.8010116	3.8511438
incR746	TMEM44-AS1:1	6.1211123	6.0863523	6.2430525	5.621669	5.481018	5.522788
incR747	ZBED3-AS1:18	3.240764	3.400714	3.1023345	2.7436411	2.868015	2.578976
TF1	RELA	8.541536	8.66853	8.393459	8.525222	8.450988	8.803338
TF2	STAT3	7.392086	7.694097	7.496339	7.487612	7.332617	7.537051
TF3	STAT5A	4.759438	4.681675	4.632757	4.792708	4.604263	4.781927
TF4	STAT5B	5.201028	5.041712	5.511712	5.443866	5.622433	5.248107
TF15	HIF1A	1.6745822	0.9294378	0.8408892	2.3810606	2.0854297	3.100571
